T_1 = {1.0};

T_3 = {0.09443876248897524148749007950641658628681,-0.1412552950209542084279903838077973094093,-0.03002919410514742449186111708905386666838,
0.2502131229653333113765090675125016843586,0.2041293522937999319959908102983381740865,0.3829421127572619377954382335998732103578,
1.0,1.0,-1.723165645915099970598974708937268397224e-152};

T_5 = {0.01357686734494794324766390817021999803797,-0.03148028100471519415428175690692863340515,0.0431111479250580662973038265172483283624,-0.01147851525522951470794155541215550493855,-0.0140198588928754102810778942934959307831,
0.001617900401719087476438624531872425012895,0.0921967418813908872382363920296397980126,-0.07198031230119928258134925493044486460326,-0.007668830749180162885156876792036080741161,0.02470857842651852681252520537778038265537,
0.07915785334744720764489838756150393956204,-0.2762927085439168114226356899220493142912,1.161935927659339720265463978313386276783e-154,0.01939846399882895091122328964083308722858,0.08180035370375117083639081222875725330713,
0.412256082680461451978718545345271705818,0.1699640831948430356688757904455530175956,0.6350920657639433360094201530375953615483,0.4076011712801990666216623702189598727463,0.199682427886802525936540566022390695167,
1.0,1.0,0.4454899495059430496620701331980063414799,1.0,3.785370182129735304835029351384318618596e-152};

T_7 = {0.002443584304870611540711873536202848531561,0.03057363256226740727160820228319680784585,-0.0133303521408942932586562905165599057705,0.1553315749912116897933707446524199175021,0.1504188680838382591931303390622714502,-0.001238646187952874056376868703911052855813,-0.002760617480543852499548003790966755920215,
-0.001815339648319317160533175196391990035361,-0.06020251369529888889323777376286722108714,0.01757207293401259272454901288788359061642,-0.1367404059668601680786084200734766453885,-0.3070044919395954545321010518225509827266,-0.00006666635339396338181760478974025762882138,0.00318547482516620984874835878222687621122,
0.004605339331161874804215399488991374721478,0.1177378929732031113462122942426312152543,-7.391973879607809410047314081374830033455e-154,-0.2578060284538247855586838325247457259425,0.3012645979829834810979759483212861641103,-0.002352180982943338340535195325555294917767,0.0004169077725297562691408880305994094134255,
0.01787002334285306905849068257903824855579,-0.2081500996515612103846240651203372481344,-0.1265540284996107334107347947615003451285,0.2592448513227470991176436144863913501697,1.353657393765926793632746160886720826536,0.003115071152346175252725470862893152080544,0.02511660491343882192836382347144669827898,
0.1281810080772839100766671546312430702377,0.03131924638361855826193352153184082217153,0.5290498247463721566805307728877424022864,6.961244384316622065828028476816056097468,1.383645251506825602750100737645594282552e-153,0.101717732481715146808078931323995112561,0.09504502035604622821038921444856478951832,
0.5200651497488246865988548621276895804526,1.030227455588015574500700958824363139562,-0.05872839551725000246836177128214284856939,10.44620810225192099638681714800056701753,-18.6818938966530354810119464511591412779,0.5217519452747652852946094531818070342094,0.1280719446355438944141149395109133576625,
1.0,1.0,-1.025332904316196527949082325304222479118,1.0,-36.00143595926366042046186224468310042601,1.0,3.607517816589327677501898428321941754641e-152};

T_9 = {0.0004893252027587876223432057263101511840163,0.01713324409984704281330859757482130723186,-0.003849248748168632685674919680852256503484,0.01996802967265195866815785818357601553893,-0.01659563769219551826181672868107827864076,-0.00008939147723428104640181993799392760817981,0.001724755219193976134251277381709833671241,-0.0001613011566078467378067196902053277065847,-0.000556460449946091440127953056127880348457,
-0.0005265978359704015030128306334476750176517,-0.03025395624964712271804394674167970220959,0.004574373247748524442604082175510932131793,-0.0360865200506001025738780361846490225992,0.01954206432122977853087796868583457665841,0.0006757824309848617172255125548157617004242,-0.002247843996281851431705199158397103144709,0.00007291446736125635271489783896787602227245,0.0006679336254578286694063157310174345841777,
0.0006246936482007092231487935660202148640137,0.05017084907170814883213190714634321601342,-2.105434930154955711394708892836659650889e-155,0.05240255283989184483375868586646638800982,-0.001777578642551738617497552967256873726844,-0.001081572504954727355589977860707443817752,0.001353850547900648260568899013392406686222,-0.0001868083116773382380971847192778527446885,-0.0005498369267145418420498136351108890380859,
0.0002481086529747584410369533681119923632887,-0.08411205969923864480150150331588870002843,-0.02360188572486233121049829441457256545529,-0.02250842060161967295725427700901567735461,-0.05398696902058011590641216579032316214111,-0.002050629306612815164730179094163864528951,-0.00182405210143241672466668553614156672902,-0.0003828497990227076157969169575667692153988,0.001280258005738802984782520196711606801199,
0.005508064834000990813234933884335913610268,0.1217523266297702574849654901225622094225,0.1121090523947528249753995350617759109367,-0.2069319102085650240665337259591843040655,-3.68997560063123116604152514384151589359e-153,-0.008829278692672357272187895881536488627548,0.01614338494967567475366955677638375013638,0.0003307829525309791476158887324040250597479,0.005532937975402664399714215678674172001783,
0.03574421346622157647577669554817774167861,-0.0183518549769750743095898955125486207685,-0.3310755465983374010487055332277958739685,0.1062247905371285505024330388431290250026,0.9305975951934740528571808956567048243859,0.05523228174067778404257419888851234280344,0.07558321118089515023153021188058744646612,0.0230072157793044627197853009275229963919,0.03265057914812018654572362206361577957281,
0.187902623079850769528188277326057407053,-0.5870353959860273708987417718940298360571,0.2674647787284482838805011610270386937251,3.060135479831078131882820603051540871445,-0.02615858450165441523298328249617047410595,0.4027133674723294309600996288345788898386,-1.702484841577898546043180289997955624673e-154,0.174749164114556158303861866777831650613,0.09065485832080896456445721146551719187204,
0.5961097862467127051859206878245542242571,0.2381536305523699974481332132009543365765,1.040564818842258551938606240595566967969,3.645703565017494524303304352081612426042,-5.926602103509287516041556735860117866589,0.8757019024787336373503770954467989509288,-0.6909746670810722483678901310015835026564,0.5985296651195907568534704299544587945072,0.08948146678173062775136040822885819260651,
1.0,1.0,0.883916016263655849358729716168762016258,1.0,-10.02506093329009707677309481650449253108,1.0,-1.446850717458686508410945710967288346379,1.0,-5.542899882988137486077239224770650583004e-153};

T_11 = {0.0001041892621251413589106387666655640823996,-0.01594476068724716138810319501459906159978,0.002167930667466332064767873909292114761466,-0.007164169642449142048801630224427158117591,-0.01113246307320857481235824768932755941374,0.0002513384957600934100072949065028257117676,0.0003079351840979532649357718956226018826761,-0.0001172228855578136545329356252082608776482,0.0002015750688350160298958307237393386900855,-0.00002333113278714540752876094619915513590312,-0.0001174846174250677971905830565790269209361,
-0.0001284737002294396994233726324310782577907,0.02675429461851459137661630663699399440559,-0.002431900830283712858870276711764817222846,0.009154899026653301675403390814029919676534,0.01876049706417861588221021142439499445237,-0.0002964883399453178848076203552261691668683,-0.0004987116770362118111468771331494135419033,0.0001930618966090438393979350654321026694351,-0.0002476023663155539261360918466071105524612,0.00001729925791771468687403335264157379829023,0.0001503689934016347532946351797376401804393,
0.0001349583813287572924615019876442452428403,-0.04070956873971507842275208983368003319228,-9.100216577242868943785564388891658634232e-154,-0.005557968491670349601348122056465268862394,-0.02709047066881965429981264722580339908209,0.0001639405643946022684850096729751480491186,0.0006040523894322859382622762765778059800907,-0.000210300845115188614320413093530247828627,0.0002098104931480615453503661439449105946075,-0.00001817404758117267232795180553181902285131,-0.0001494132552750622515758327716738485924748,
-0.00009187892554617883228029996531350589771608,0.06247634495932499566455286931933484595785,0.00993431054838324242480029767285806863181,-0.009665700551089241201996530554117691640875,0.03073643285841238980323046611519024044787,-0.00002996122429923579787111478242433217598889,-0.0003740957242484191819988017528524092264595,0.0001829651225844319655981855562924713245796,-0.0002661429460205406695068104856193166112168,-0.00001994233860422723225168961384288744651894,0.000159757567122740324303739774748095410837,
0.0002854428436197118399822418362866791365013,-0.09564491615509396322645529585464335755604,-0.04248032746657305994791481755746870318778,0.035871722785933064340211239350779418297,3.809378353202193687309197766769036125866e-155,0.0009431682648363158866252045974957000380567,0.0002431080553916419507202617355182137894869,-0.0006310456793179689049415085803527148507424,0.00004545345913819062064461864872549340159851,-0.00009713007176769540059697736286551288313739,0.00006874322869278050947157137842624225477508,
0.001276186875473068638605352606441809751706,0.1248271699301869124006845957670299307417,0.1378254429918138857420934673884642458764,0.02145669599760511184427385168927775787528,-0.1238177019484574255266985135586146914479,-0.0007318355157627487729609345964052272222401,-0.005034812057606090581059351486273523422116,-0.002083067931643681497509521228727664395829,0.001712912809795768726985260824085703847564,0.00003373437006664669906408764000632778249355,0.001656558971500989859779954645829344061849,
0.009986546650430102819727281528844666004688,-0.03104973065562716902789754240669568143014,-0.3470847554936299213344094796260970351819,-0.5071468514695318723811468543814469780016,0.07373392028006716768348842358333896842212,-0.02342917928288822961617220773126841788069,-7.973645551999447970646093548782094818547e-154,0.0008382687367781731873427614453614296165494,0.01817335982992201002308721552283789414477,0.005059492630957783197280262167930628474735,0.009497103379536220337657422714848109825553,
0.05874087942835476946469614843566799523977,-0.5034658485695384396293223229728539436287,0.4185491523773609753192867687247063086752,0.5054927443780072580886681719246191616801,1.565795610181095571417168443584496635936,-0.03112857425984109564084266636373115871758,0.09508291571626976112672762613828579393052,0.07272802108963914142395103062050580275937,0.05825885210266937745677682428609212607874,0.0488320688077112417316653187440681404006,0.03844953443001584950579386809735255083584,
0.2467703532952010522491814524013293751156,0.8708958466899865919104795473561328364645,0.7299083655850756901422304345668855641239,4.115774880881699428941784164135349871976,-0.5227942667030533461029934381630219250493,0.2098350196597276211941051009424203192993,0.2452466677598221435949786252317153556725,0.3490064096911613618354889436296260894268,-6.078422317696861046523732338748100427021e-153,0.2399024299823067152481891683100319051186,0.08186966395191875971534616694064108257877,
0.6520860348711201543225925325611273323207,1.455908749828860948231953046428560478921,-0.80438210960753372905404851196913076018,3.800742547559140183730872508118053300555,-6.802104765025139353944706888044202558002,0.7020366143065321244179091875647091411984,0.1202602373007057743216439074257887670969,0.7659454066998115170620661154621597840945,-0.3784730731145975577519979964404750162145,0.6541999316531113816719338909897563878093,0.06600147076885569380692120644298148398125,
1.0,1.0,-1.682961064951064264484046689754570268959,1.0,-10.23587351385239408513545581635972209575,1.0,-0.1360408310446062344444894727199056295896,1.0,-0.7772748522499567253723998859595599040257,1.0,1.174315490811810691914221047789340520002e-152};

T_13 = {0.00002308234737279721852534499577999064982302,-0.005703207584718829047700075022338793383458,0.0005147076007053443404512916210595454581221,0.0006541506075698838045486545303818609288383,-0.001159550061177404106599770620092849304097,0.0001506593745716152479090287480323284940443,-0.0001036063004629941846568302931787468502716,-0.00002817269427023498627472066769557562101451,0.00008709702784745396959572517885973469523948,-0.00003086936290765963141238324113652157710936,0.00002865411587060333955941176765831369710104,-0.000003567416471909634634218077531707914320555,-0.00002574417446464670064285260009467734674719,
-0.00003042406298625541269617828205825289460859,0.009294815741372477218088651931017381862873,-0.0005569855917373090464895365320987798170437,-0.001162592609231569661757134826017862839838,0.001733147997490016092156554596882366063563,-0.0002398718299728323714826974334203749169458,0.0001320952598678377330591411745571457351602,0.00005237269761017522378022651062534712320538,-0.0001198360511241970086215192783780660391385,0.00004529961078338039776955398825928228175225,-0.00003578102926236177634554410943475208311378,0.000003226513255140048922677294643089400554696,0.0000344612214790882658710607008163756755151,
0.00003232765944351171726005520945269939191223,-0.0134358290593691661763594588327432719408,-4.831133428515165032846421013849014363929e-155,0.001889044927550643012887840142051826451293,-0.002035397753086575381241045594836623264215,0.0003110229316318441738429946841451205829358,-0.0001024245678417989825376982788512710237704,-0.00007585513378419239881605602682724654485488,0.000120971070236773246644935610510063876559,-0.00005034541830177119453607149199738024545374,0.00003368858343832501876638702541514001152482,-0.000002472875195029978872942204529619291194719,-0.00003639061136524957782104540949668553954384,
-0.0000295660202725736955590584771772517022542,0.01930860326976762269471527039573580206405,0.001945775456256561871636532585872666734008,-0.002927485788515523257473103160482023394429,0.001757303126901360365251904824353109801764,-0.0003142178676201678045871626983918394436189,0.00001888812909534996464245919519488537040528,0.00007541122864635572415123387750646699417779,-0.0001069405294157851925294677887575504477272,0.00005195347793394134779574501170458473848752,-0.00003267864131755835131135211191692531703709,-0.0000003319819578514477140566003197892158433528,0.00003566597590755883061283302086968787313996,
0.0000350634451844342390986371310796301207014,-0.02818224840773515526080997466849042795752,-0.007494652964529860745500988474979148485771,0.003744364536222026704295776934087494134285,-4.363217694601561419682919834383502628336e-155,0.0001720932975309172033799018927803670698581,-0.00002860340486971848536962200632409606738594,-0.00008455727154505846473895941594849581653966,0.0001393812279927334897434227115953814905839,-0.00005465067546451601510612044550469011502551,0.00001196606473340866699326838800264992834257,-0.000005988412915768579288665005890156144849413,-0.00002670849311208448937507145970184982941252,
0.00002212044749977317611150032943553078395392,0.04055695387506051510702316629505121554782,0.02253653181334754493725055881232862045137,-0.001137242123602774208678912818767493485958,-0.004125764722865097293428264321934534335366,-0.0003049697897178112129054891454671624346007,0.0005347346800247682111123298477303072367381,0.0002858490944758189362592859191450350835932,0.000005783370529251352050948119177512696751262,-0.00004403306088426667162713787785223680673089,-0.00005481765580530650375990758047895079076996,-0.00002197285826252259201082545979047582719358,0.0000788816490351666967320307906431829028838,
0.0003850575787577453250306044557095973734382,-0.04978248837887070648513703540803137586998,-0.06065604473010462253770548003891002838399,-0.01404314482186922359926001435707316459191,0.004029141681124162902370241441209137334327,0.002717216765186684328651047494352932485267,4.8502355295637627409994494767375804671e-155,0.0008441557277654232157895997631099597335897,-0.0008908182625722023444876826941235183534572,-0.0006124987119956438918807621469500314697715,0.0003001138907932506353634956191208140014899,-0.000003121111251489634427296846079275537578326,0.0003795100958887706590554250936271332709113,
0.002672032372626304492623479986208203529067,0.01769039513333520595287196815038426620494,0.1382131788826316233247477462827465752285,0.03668100589683435095986669370718246204487,0.04014000039479583565059306517933913711451,-0.0007767534743432592471587271798166979947041,-0.01134119438740408902562344816587060864276,-0.003243619100136805819284462269811226171965,-0.006896126990497814003663050184272514940454,-0.001278673726080446670350155093963889575903,0.004009349951165027227113588409004868042599,0.001114568907517130694579463556639525885359,0.002722028800217060410933009877838341727824,
0.01726289254259505019067447830499871288127,0.158664720942862144698478980840290429352,-0.1950638811464166102696606096119969213373,0.07581625435609424957895155594138968910344,-0.1494110634183713382953197078717369614199,-0.04632271651038042627347744634975030294094,-0.0006726020846220052763403802710171899712056,-0.03821127361344071825026722049804826158673,-1.458534148721704763670415532046111856183e-154,0.01011202282549610394628703525307468757988,0.02225350955393226890336768550280891959399,0.01259215771613592287186779398865520448941,0.0131876736100604472745718396371475113453,
0.08572850673907050081529799647100681742867,-0.4233723881447751443617581610130674287916,-0.1082276878959023907643464791061344858918,-0.4015498766673636545224244619045540363039,-0.1637121284115792831844438183020503878145,-0.0442594509998250548659666986023700611248,0.1504189802443307213849656831640116492515,-0.08764193617863725917291145040244895694754,0.1265086718490401267674004271501036180526,0.09731581610709992042225046392288793783184,0.05341125776838340566915952979827087253844,0.07829332399910657340375994038203879649962,0.04172817342865439174610925157634015657215,
0.3011761671849021174911549724050327840398,-0.1608464891364645367198885392260909262874,0.6654971036819895249962025917317526981405,-0.5678661957038175520430923666809683299288,0.7180138631933039000340120849847917346911,0.2716970881112662122469093105379053340233,0.3020829201703525534064132284094922433037,0.06913151458974107704752028477321822501563,0.4538629087089132140088907055472179063689,0.3632274915856202921987669723139510876739,2.924005848584601409040055997628985381218e-154,0.2975084345800171108089575331604620452058,0.0725348167824016122348178131363088381147,
0.6947784441270872451319412906007719141614,0.6744505102763501942956114057148659630009,0.6234198225508054539748432574271562786813,0.2834165887939961188753815306691161640492,1.480726710372342456661894766812325528501,0.7556754631939762125720388607443338040882,0.1228723093902284829318786087425517354037,0.5784744325127490044609664627106231531518,0.7532135598349012628418992929243371383605,0.7552021598316862081555242513732315623325,-0.2621669169994829819564790846374574118638,0.6964629388155443286282397875637673834068,0.05063745572564151049778024203858557021355,
1.0,1.0,0.2937552177750474541660282139823598571795,1.0,1.583651062774176651282716341124510471611,1.0,-0.1346795315836652559195839387257613387301,1.0,0.8362301241013492151018567401574798213213,1.0,-0.5202025979419786151956680514322631912568,1.0,-1.233384666309353244675292508312468488238e-152};

T_15 = {0.000005257338862458909161235149569666560705364,3.778664534869726552451182336756798223396,-0.240877207191990155864742885298354491072,-0.0003604033693386460629116013043904100296986,0.0002705303314923049242343608285009150614049,-0.0001446658838250162274102976511113139281605,-0.00004655306948800050953348406356550594055035,0.00005417239112926267809167964262507946825225,0.00006698111917370944580590925428003337995631,-0.00003748693892826380993533240169389752139964,0.00002430687481356979060468869657720887948312,-0.000007283982772951353541202449133187024308889,0.000004459060712063036721263004242132379662359,-0.0000005562236749186783130196410652657425018429,-0.000005802426915653727751068089855024412254544,
-0.000007196720592381454527404144566086421465459,-6.045300681140212611860084422007984660938,0.2544613079169470685406334589572901760289,0.0005835632158309075095535517763182756250758,-0.0003907211454265214634320498359470479382002,0.0002134222426419933477493972649317488839975,0.00008559347217996597321535706120066942109634,-0.00007207898501943084117174112236483529279151,-0.0001039169978181129473280242943520058345108,0.00005570738552193290450056290202857393921238,-0.00003108470913903034730848904406959360280789,0.00001046712243685666653101458040095055775156,-0.000005711109741346551465729043797497053554222,0.0000005518151544589807542966107251326987911207,0.000008000981612971099270846395759220948371278,
0.000007871383345928404119067139228144829798972,8.452952537026446098313600693282392489973,-8.612095814442541783632497098443633930333e-152,-0.0008238089715733048441447185060394143160984,0.0004323313692449462813737433128712513534216,-0.0002488521259393739381240373706782645750083,-0.0001401363977146135285059820411379267236603,0.00006873126549980415078234225622026287600238,0.0001310844212167439170825055857550166664394,-0.00006552397560479416512067533299687632790663,0.00002888205817659535292518198880802497247895,-0.00001185439276357754166831059904883484702452,0.000005611304683525262350564721905143775832613,-0.0000003794971852641191239448566085686652916488,-0.000008766146593865852275717882460239417620892,
-0.000007751785184508304763097776475496968831006,-11.6015979967392775081945241996111778536,-0.798288259582102555706022092839678860512,0.001106723882173300129432799399760006052412,-0.0003455726927891956317742412919367887000098,0.0002375437801021558066793763193916516636352,0.0002038053469743955239858459107625180879731,-0.00005150701570489363780884275338174327255549,-0.0001403430710644703974874211472027732711049,0.0000675970778568676717809710267727013290887,-0.00002450461880402133297913241957761019940093,0.00001226514358883691438704890617261744587784,-0.000005099411235241840557023064930805587398135,0.00000006888833074898397958851714605645463874862,0.000008754709618275602249525669278716774990842,
0.000007691788100755125931215558371460758702834,16.10949294545326567283133311769115469556,2.837566603142027967400816411995993873301,-0.001359260140441323261867062455074892470287,1.101999098535242480246070610686768504372e-155,-0.0001659146095989324333039980943950018663132,-0.0002227018854287908762201439407941674813084,0.00004807761972753020358979560067690655717411,0.0001324008947040785307295707775092445219214,-0.00007063255509689953928945173200946792466294,0.0000199232283990347384538157994054994699358,-0.00001170343864084689694257594748723570888541,0.000003727998631171225221797444339107026448855,-0.0000002477542014694587000767595780659198172368,-0.000008131718443893906934699991526096048568778,
-0.000005112116684599842812429707902766876020327,-22.65236210834144759310359867108717292195,-7.835499836869573053793196118358686360347,0.00120078511396303395665123839204852642426,0.0007701492652581725054811196423331480188556,0.0001434297713785991064507979903673073859386,0.00008490091322715081710105622077023928907605,-0.00005412449725730028866021049427554158347118,-0.0001787160784884483555982183943229730143148,0.0000561109353487081516625402627968342365423,0.000004686733542244677278591362226498988915546,0.000009518253416327124374820213195389372448264,-0.000006566288693742278947680656768876449264096,-0.000001456426712614566776544027192534904194685,0.000009172518432599951127822496178577228869613,
0.00001874629786069904645385093963775646610939,31.15036603121844744803927700455944463212,19.89147043029168109837362862743247813046,0.0005332344170159958679795345715272665647627,-0.001612676369651310963132149249820276988271,-0.0006583961762737906480018619004747951118543,-1.462455092804889924632897287115674455453e-156,-0.000228737025479479494133576407504867141274,0.0002028359238125278992496072100662749172718,0.00002168800868342117729768036952351104542277,0.0001052003400901237941588556789896293281915,-0.00002987301472300463151956638299196505376473,-0.000005351372507252113128595301473592534570366,-0.000005074713726030719999558839008304627811523,0.000006099749654924412215688792634349287342452,
0.0000907959276889655805843317485821022487608,-36.74585545049824340384941174113658754006,-47.54205917358056106149668552565495089471,-0.005531279786533899307306663362483038075113,-0.000888038647120838097534382201874946538244,0.001472044121113854866660737988296722997385,0.002099037379165553239957022283789048447371,0.0002198990381007820892290848235460610808887,0.001286171648279335606326846481234059942041,0.000806399852141342400885033608167375965356,-0.0001622780848903054291197122486820492055513,-0.000136588633181432143087522709604146468149,0.00004216348373807805473203729168013553979579,-0.000003183836558187296075395846857040979589647,0.0001123204675884672354019830736978284977,
0.0007301562094124822726050055173307694536093,16.48144572166423227673078533077919879426,100.7621503675851519050503302097320548342,0.007702089839075376509885298797219936699567,0.01766009364473881548819516622619105919645,0.006558449750602318211059636265454639279734,-0.007330438654720902726269763399099954253895,0.007456324144011940021673017882759202889758,-1.028230822758981725378236642186327172811e-155,0.001452841951299819625839827197892168953803,-0.004515858059130233071202586171667723754919,-0.0005772645042375661380637868472539536092587,0.0008885086437011661802982159668716938051117,0.0002465378144964603517330048723842227362415,0.0007368238316809214554308189785636507018422,
0.004883204749090341410589729913730029012137,90.59770298556639885463217580586096822604,-152.4266279302416975098364224871747165953,0.03456313346505578261781964961510768968258,-0.04488329671361062697474247233779232697925,-0.03044447865070672343497556143668141510928,-0.02239925920313077892216087147950742540926,0.007866371998000984723186437792690004771892,-0.03489196127227339944795190503387821149577,-0.01667228795073400114724383187030454401735,-0.02083202676074156172098904174758851132465,0.0005953353822098896506219614513912898024929,0.00651843487816975758478669903521857750298,0.003128709841981546745874303188067690161166,0.004115975036016192974368623949073282712551,
0.02713047625895860583716737617060919500043,-302.4684934069174455424145915247284195384,22.38309651611364019061336030236518757475,-0.135520592558372522604129425063378287107,-0.05341872909927031286776120244491208288297,-0.08183113846037114854959924525002035067309,0.09843507511800779690466203513201883717391,-0.1210559029884813380848213056560827605434,-0.08168227605063761920184054264715821422822,-0.1255198598434631591655230227530777481453,2.724588972511510808074660285122106232963e-154,0.02135813514967329072284089950174583725149,0.02619823500954830972457839598121591705821,0.02286174155263106076654346010973014646417,0.01645151071699909203555588236565418983896,
0.1150689146790459321367317362905555243277,167.937038007526695570207598639173705732,457.1130191776933371550542546440963140355,-0.1238044098669366354233191795209961204312,0.2982961824083231980458727757527597161392,0.1966161106844959567382961333558506641291,0.2978837366431684370675049789919237490594,-0.4380787903886704925801676499172197621576,0.1943670937576219874300457282179285893467,-0.3372488888592608762105012546837593259137,0.3167726120797522414340504194660697178776,0.1249882679941704361985372700909280800009,0.05075924658693998806740485125998097439422,0.1095637577025376028589438895120686635064,0.04299770599492465465934840418557526521375,
0.3502100385119574832111084767787681879258,684.6767309986495873043210409203154995835,-151.2733463736603578610179767460147871718,0.4298285947440279942832390838574013519075,0.4156317503848599973221650203572238783673,0.7858861909097369726904973415786319685419,0.00367581325660546863211062087214199717327,-0.437223066058765772258416214314919400074,1.113973360925189083071301133719608410485,-0.2954007800181903462312086767772361220502,1.229127133747898855776246995170908973518,0.391696964303819737432130562357482051143,-7.401520595729326502411673659214031227144e-153,0.3482511812616199456057549492716915813154,0.0638965326135926204851122949311478304897,
0.728310986092262895506412248859685940244,352.243223450975275450561158838331433541,-813.3420056317354112630091243337415952297,0.8964187460012877841981101008256364915837,-0.01685347401761676066842154100532501456033,1.058337621398822599985772878266275892839,-0.7909503784484589846663300942566291490459,0.3016543110011719367333369734059481022774,2.163929491279710042027605057615366932438,0.356933429524450205412416979788320904922,2.422550832250350718760215773869247012102,0.7644900343659676840853345563837650355202,-0.1983069025351933258327115597868121131218,0.7296274827794016243627650121857446017573,0.04004630102146228300253874364648736924093,
1.0,1.0,-981.8473095242526963894201545549774052959,1.0,-0.3759417737636180679745510552647606258006,1.0,-1.318045145252484421294684731741312615059,1.0,2.653270877771588460869117814970680298641,1.0,3.103217054105761035669051229913093427331,1.0,-0.3806255508228977624459099812414422101833,1.0,-7.276796100999453755863285336665173662552e-153};

T_17 = {0.000001222124837056912986693165649192584578515,0.002941926006267843184045316016095792346087,-0.0001385885543605735253742357336503227733496,-0.0006332433419922636453288266809814214821707,0.0002963336270769964092490318673184180137752,-0.00005029135198326562183436288415937414556089,0.000002994730855207989259535003612629616688588,0.00003569942932212527210901250454654035675142,-0.00002239979438007378408092563402849243448194,0.00000398438792525081860326046644287279036571,-0.000008570030509823133226072281459039649765003,0.00003505077750809807263830644127296801263044,-0.000003226901528579068537133062561103955552863,-0.000001689908716745399795980450569050830272707,0.0000007304974167059490007681631656118004771667,-0.00000008527732800437752858196820789825761216856,-0.000001336283747377572666923707028771642314656,
-0.000001712897420196807850679459202395537753076,-0.004647669171960662643907847314519101782645,0.0001439405358764833329262761193729333384553,0.0009992495348355364490774736032477015420802,-0.0004204314098764912509651448372811225695205,0.00007654330512719722207005643834753056168435,-0.0000005914648399601428886267075961000114918017,-0.00005491509405958070356268900063660169292064,0.00003031043340650563016843156929099735503432,-0.000006477937127782340497348746487628293496474,0.00001218050598604824049725723293383779788981,-0.00005047364755166577184268953105769707139682,0.000002337231577466075743003631136959786432031,0.000002427503346834211879611802798089812167798,-0.0000009555844493341596128782874933346812204556,0.00000008732998521994749461400540821192982153766,0.000001879937611508004870415690268468434846289,
0.000001922430524000766953160152468653971638403,0.006352010488586597910439630725749670161601,-7.220863475246730943623500261476619567538e-156,-0.001353929673730887968928360503954690764281,0.0004512332976400766065071852045376081071966,-0.00009618411142264713050550760807329163148368,-0.000008598736739311974739442080663109101125887,0.00006980958214235839549291857163351059369403,-0.00003002425320372023600123134330074988822357,0.000008787495922749804521455764166769914380654,-0.00001357587872992004837394144462579137629367,0.000057881952612741986252224889952287409383,0.000001105019826324726251574525536961605671056,-0.000002788670581017152883471205162107408430265,0.000000962723170626522260909357590343849372501,-0.00000005452162905963683140710066620696148940401,-0.000002114861974192468616443738341527964815771,
-0.000001960931680695401465371816362277770820159,-0.008438024653437479216053067560994110628091,-0.0004182862731703466819704594880997643440063,0.001743379617336299777866709215541259641568,-0.0003470465772947271147661841299059925427633,0.0001081320914723014288338632964687706950501,0.00002600084186341335365279723914801994245303,-0.00007902856364862345311891838825652703037511,0.0000226636920553633380541331406937482460847,-0.00001046012265665390086608624320300759298639,0.00001333237300556046845974068177300711598899,-0.00005985474844103464813481911101737308084976,-0.000004829158028398253466866209729730560547714,0.000002915253372705745329676695321293574375496,-0.0000008716347199310654234266959039117236943805,0.000000005918061066735111181174912243215065050958,0.000002166117974093025332193765624412155498949,
0.000001924359833303756369622836135758103722555,0.01125919603650913720930858718299434486035,0.001400803155798296663873319671354244040183,-0.002131054556877757897620446936902677801173,9.131665989588089290584740978787228784946e-156,-0.0001047218708294669396127774546497979515483,-0.00004800794763828897606799936186052065569217,0.00007906241755845905089060016572735230033545,-0.00001399134936050930060524456573924963771014,0.00001122336664346457884587519658657251751614,-0.0000126236326806043369924013063796003234902,0.00005900325481032107128028692228283539973814,0.000008534402153165436204102429142461469244408,-0.000002859736795017667631766358024284979053539,0.0000007247819869919840868559668791795777394973,0.00000001452084172607427605851869009021508836024,-0.000002104465318360143394652028369009074646213,
-0.000001740099430541690589831448305526650750172,-0.01524614875411273708179921290699582114591,-0.003605364133723622619732933306618409895531,0.002288535890068969070213139303973520804913,0.0007550617454875919211978474668402706649743,0.00007948868825437001277677915011259759125649,0.00005420419752786938743323170577817798159224,-0.00007782296614286354992483897265879682330748,0.00001534033307880227602571623269290104868932,-0.00001266395958170145477472615181042270726755,0.00001140039588930730448876678611495542897544,-0.00005233202292221444966087483704844494757102,-0.00001071399966073525029129204966032450474882,0.000002748933816122013355253514073828415835531,-0.0000007546762296507004744042001665885034037071,-0.0000001181707622547250477371083218946536474137,0.00000204337047806464720385063131713549898824,
0.000002133102572243295842301427847554793802314,0.02081301770945991460068074194797053356702,0.008525792236683559549120681036509999835647,-0.001488738925335864096926200553105993649679,-0.001943444941894057866166019436172834455521,-0.00006954276769407353883963194797907543220628,1.157329882647082026179818224941241417388e-157,0.0001070201660766899249619705918760488551635,-0.00000345342840775019372405919612103905450094,0.000009985233750097478176052068011516615638688,-0.00000459340824858223406134432149999588382721,0.00005957278075271224788565361269803697486978,-0.000003523028974670446110113040560507186751213,-0.000002944104497562920669734210366128089609131,-0.0000001162250254311382499337839669177737471529,-0.0000002445573891136239388860664670097058446784,-0.000001457156691528543189473965703956468833573,
0.00000176283314891172502573096281447546682381,-0.02763395281411327737329774910901913785657,-0.01944575144024838401415669367812072522085,-0.001896519557095343802006165867827905863586,0.002396826829098539518643626274896234130407,0.0002600229487109238919868452985967929076339,-0.00006954196719149330104523675835303799589089,-0.00006553952938998908641664129034288192475316,-0.0001551960667255476806815749658243918179828,0.00001567663954202984022215916198255492784628,0.00002563806446771494584894600629184401844248,-0.00008737225777912560341945707037039809522574,-0.0001085418585834095358230086925903811996858,-0.000002372315185358284189011633151304531800591,-0.000002672923651205504485649201967005914902595,-0.000001350260770058453757518901816272834795211,0.000005139647248693611093719474496937784364778,
0.00002699831335871208142015950200979473109403,0.03171201873462741196658425685728209532106,0.04268870484216060535816849296684627851321,0.008990683900130429723032484466312681555536,0.003643728459642522193493225951171825679684,-0.0007709627888310260227956759225118644609466,-0.0005542621615546776690707950065975798623168,-0.000708851920854402361664502341915434541611,1.984028179709770655534728826365660025357e-156,0.0001490030559927173728039083492036003288374,-0.0001242779376003737372358273376974887826782,-0.00064068204522186432015743402830735599622,-0.0001543976880291663792019699075875594087776,-0.00003919891379814454270136595611137106736561,0.000007593922644454814801064319621530667615156,-0.000001173642311913308323839706004761020355992,0.00002632350479836049262935080260686555500614,
0.0001934009166274622381147170776878240718497,-0.01665871392414149897722372237190105428462,-0.08550257235310239215830655446175854392802,-0.008348118341981527201297234406237782854342,-0.03001773421836268996615806753765536032524,-0.0008924776660277562632177897867363977207545,0.00325367696297780874587871270630540648782,-0.0000383357965220334470538093302183563357656,0.003745714553663205946185078006706017539246,-0.0003910613362381891760468775337919814646268,-0.0009666030796021679126097754948757329020388,-0.003552232104915394079322126362280419332594,0.002940620729619303210948864899236989249294,-0.0001828991220593390738875094340902495083864,0.0001944506784321651402961574385580282062186,0.00005471076659448274651098861667877175116574,0.000202731123777966279074378673004513982122,
0.001358578277131992955333458232623691460526,-0.05990926458852124227143843946521285186105,0.1333149156023483962220919412931987210496,-0.05547573513773603509300886196945597288511,0.06762526179864972774103328535874727864628,0.01219772981802740799998545067311199905409,0.0003869180212474758936350969869703260136092,0.01702748970574223148477008985313887951445,0.001015424268943799358963693713997911118333,-0.005590339365334071330562909497447987644626,-3.928814933720557712714223955496373959664e-155,0.0006263628507542106207916300954065955653561,0.02765385664966175377060253974924954754667,-0.0002895357705079535593423836282295554433288,0.001733715955927364052274296365140472008984,0.0007636288931594027294557461245519364307206,0.001210700641492628206223446578975993454467,
0.00812560073781533903553371299289684859173,0.23229800747014703024608859710213584051,-0.07654789868033863229220067126224978922276,0.213230268694029492613432295982266700524,0.05563739275552295324040104462412148740806,-0.003069247212669350636222606833331335423683,-0.04034597960685788870857349908344157721774,0.01644517822162206617996591132587866632746,-0.06661762061929088850792883811196324584552,-0.01180244491370809816023235773928448346063,0.02344592014237179963271914394296662050672,0.1082622227213983236965774699369405196658,0.09603065350142612574583491328962547752394,0.003708379928098680126352438459302793527907,0.009199184020830392356875520991841415841488,0.00626817490127558031240691164210713533861,0.00566935136196677256262029498486845577623,
0.03929211610214085121894632422600132049769,-0.2795723896699794573524798282581767247091,-0.2775643424887178863054287052328803781334,0.03545996453732727961469707235065992457684,-0.4947309730771914845665937928892096893722,-0.1159687581590827340586558463978934722102,-0.001483453279170301123973131408477720263198,-0.1946455976257576397257577294769545621979,-0.1305868653477545507035200753003026718427,0.04953334813575496681293824964519633391573,0.08951079725647043685127670517596566103081,0.6217565987269812116476444755007882662513,-8.795682635015953984228286904890938781069e-153,0.03466529500821309967821383941255950055213,0.02952582212783276864287078505042909847982,0.03550835531121053896771702456267404395597,0.01914251845599502881285856462088290686198,
0.1454135259880969915261900356427711581253,-0.3535106997511138795977750232079790757705,0.4700906700986298667502006728876649895263,-0.9584335840663047278369189841289665374042,-0.1817202020593861678057494067810104053526,-0.09615319196365965400172641113986466916598,0.2605810728345099522622490843183704973185,-0.5924376191973406224237371894269602943803,0.2676281191765332466161524617255460418109,0.3061155053320179923937293070933328194633,0.08097306330819135019788760522819951538244,1.718510565473161429740238433776610974408,-1.181887666753913739286013869879443835932,0.1539839894615591557293554136393496024256,0.0484807960202621537301202320986427904507,0.1413517779803891283601292045064502837391,0.04288336388982335681629824697352790695691,
0.3939784512315600685781358333326365155292,0.4867340938835562475242175073801232245055,0.6266692493320983305615491163085246080961,-0.9876505353242313359081544234021762135446,1.301933813766834965539749918101931960672,0.2975388674274822788264052233168717961291,0.4510194220484004747967960077246858990308,-0.5155322593569673809659784911277514524469,1.316336652993803154276329111377544925764,0.7017712329441979924664899928510088910334,-0.2609211433178343184414849408335874158851,2.557455035819950575090848514288376608429,-4.577602962592228166868476839434159116832,0.4232979691413027714707838404326887072404,-1.894191684491845107960248200980631244011e-153,0.3929634219242476363682078306350586389954,0.05629559187272489655876808747446023993592,
0.7552977832502550393781662460020089229548,0.9615198065131604301161735975142516926866,0.05900690977925480665296765862085567666739,0.1723593460968587009459597734086144535375,2.281320636006062402384926322313828628399,0.776120754832352417767662723285803653604,0.3063343313559324618155614226052728750786,0.3080539215132777600033030716491869439684,2.327538003210743631543974913415555653443,0.9543851541082201080441718264381594195585,-0.9020970040336946958884082927611479166601,1.994367407591088280595200158439318632219,-9.363129070307291442323354049407753783365,0.7786434021487057159183895254245722427575,-0.157164992234411436142251179070429023906,0.7563290265127697245750601271803387936574,0.03244509371037466105516739944577281329392,
1.0,1.0,-0.3149017831088619812814014237884147834359,1.0,2.448870872967753480179787847796818502979,1.0,0.1126359828167373171092645922947343269611,1.0,2.745478497220018679625172880270193157495,1.0,-1.341651836088386704417227199934592982235,1.0,-12.37012981362073883828762629726111515478,1.0,-0.2930333832817478657071352671689506873217,1.0,-1.958138776754637327433398346150333710759e-152};

T_19 = {0.0000002885779600674305914791193486169556563879,0.003595187321174655735039782935076677703178,-0.0001295452066594734274058615968002746681458,0.0001892423320073793575130441670473539124737,-0.00006201608164852525212332987555182109831617,-0.00003588054620823992602806858167248134371516,0.00002813605595073427755736742553210305371461,-0.000009210421103351428367528302998948727537484,-0.0000263540879124548126844954163560610883705,-0.000001766591872897209181507817854883383168891,-0.00000236717280522507054441899751713496925008,0.000001091083510306866120532151720330685935041,-0.0000003477532430311339708163905817896165999989,0.000001660822422504136307884069429552524114813,0.0000004464409712353990049455749476808814493441,-0.0000003933402837111840257362767652145960074725,0.000000123075007763213607556592695177475130146,-0.00000001215714211704136429927430557081631766194,-0.0000003129683786261640989797728414549782989474,
-0.0000004108719135673061329822773729443892697199,-0.005628712717857820348992184502975075821357,0.0001328849462377689644354552339808899477173,-0.0002949444642425575320212811401642495631548,0.00008698913039936646865175238505688441829143,0.00005624359361279397315999674374017234983144,-0.00004062199257037741455641215909918037695444,0.00001207139440549385136207819257203979889861,0.00004007569836126121745427091383236055946811,0.000002457444322241364605892234029950163158747,0.000003609288773690369275580652742072823917764,-0.000001611502790766020268775604099926735726514,0.0000004446068415501704258175102838636722743686,-0.000002377060171057761400042708108039100690141,-0.0000007220245750067302439899815230682009432815,0.0000005676113156475645919961460670529355104891,-0.000000163445159625043092579190293702238770814,0.00000001204739709642036921837285646999625462167,0.0000004465149158596606125601069886868107169077,
0.0000004705735236355229375489586983396673868729,0.007567755836734416104967079177451379055828,1.715040129225769860801437565969260822514e-154,0.0003917711574241679236652008708136409973865,-0.00009155084116033262972972338239553246341224,-0.00007502734507369700735069762877725933527781,0.00004618360487339342504670652395274577084161,-0.00001099588890484687136593823953850517976629,-0.00005045642048630356095852931952366971193967,-0.000002631368570766424978428835848608964580025,-0.000004547527968417668805393216657583224324785,0.000001929900753080215104679896213351594994448,-0.0000004051643079503328769098114361619572051899,0.000002721212206156556177396573131255830545753,0.0000009709517827781722526706136074540944066488,-0.000000659896126410343563386510077559859556243,0.0000001673597884080747862602931749088891367798,-0.000000005662269627306464131542359591794242394758,-0.0000005123145658763652589429299020792080672209,
-0.0000004914038880155853049926322776120866414165,-0.009816633744430081391750187996730617905294,-0.0003650263882412944298516455996038877104211,-0.0004939480108361626213217785362321966811091,0.00006865645547322886160459314814695013234296,0.00009377856870771607542753386173133714507345,-0.00004413131907347317117779461099547614441061,0.000006173113885069969361104015726110361724712,0.00005771612519996254298293883280409966984888,0.000002406075899742707944314685307152810141333,0.000005189952560774128199958394145191212960476,-0.000002087944861432289723368030275124291284917,0.000000288755514606185266261982490973409637445,-0.000002823455599531141659328550994432110708692,-0.000001171726218207782703155268053044034117448,0.0000006991229127771807129794873248006154386431,-0.000000152261764011812560971684059146082017523,-0.000000003385195041581150034563386646406115260878,0.0000005359697881645225004077135692723078126272,
0.0000004891842042768616978079200344216826280075,0.01270586032806961623136603837346226958572,0.001169148513598982071825101971437751491495,0.0006003288487138571375579782043411059108207,-1.205651854741776972531029887175298902844e-155,-0.0001094036839898433871681830938250474092278,0.00003226850021328903998453324542945684830777,0.0000008013896379257074342679896346074739549399,-0.00006018538378624966256121350423736709970431,-0.000002004673986096319724060839918612818399403,-0.000005466315686881232701181361385235243217907,0.000002129415164085288355065431143178736708489,-0.0000001586677730510615927704415534720249408084,0.000002772949613873570775169954551763483335839,0.000001316176579664479776938186998281577728365,-0.0000007006710316105437887867478871636347729025,0.0000001292594181668893337270866158623950911379,0.00000001069427664968577171702402994453928294679,-0.0000005328750207899484384933704524294429591572,
-0.0000004684089699985635072063823832237793907668,-0.01662977903206514131906590335064663293389,-0.002848516304714421138164567187083381569508,-0.0006846211157943899780580749881432249409447,-0.0001447646484972110366050030234569954981593,0.0001125811391869838354003562830322348086462,-0.00001169102124690566721913296843063129247307,-0.000005194355420474955948478716316698146607907,0.00005791949383888081577415137307171918878003,0.000001658110489994084753736059844981233487286,0.000005574213352178721431802081019567453090582,-0.000002086824196509041249436537438664784273147,0.00000001017482338200081498912760218320013722758,-0.000002612331307074077171344401072177464308251,-0.000001362238602925762231755841821271778569227,0.0000006835884147257965179368002239697414680425,-0.0000001126802848447754567914925288574207115252,-0.00000002061171222961925556151834192140242844873,0.000000515897822498019574054624499489291520768,
0.0000004637997697106673425036728202449965265652,0.0220686669578261350355768130501794414333,0.006332119457492769956125594828833126783407,0.0006586888168369539249457262565540213231714,0.0003955667666519687328758759833195915136343,-0.00009043558448847938258294825510950320660619,-2.63853470130868739068087221261012039505e-156,0.000004232718993267373820336714416998743675322,-0.00006012013603450922623388459341678281331929,-0.0000008611728433413632950200122341229253351454,-0.000005655198528385000313241447065201677930844,0.000001858347618083017935889165605190002868147,0.00000002378560129563886900491447049311555788526,0.0000026024599322761451888387880547622048588,0.000001365441218399173041757481795018631657948,-0.0000006493635085380912373427505821256322253097,0.00000006119562545080442739646714412720864747603,0.000000006423698222841741368124914285548016038981,-0.0000004746205940571414418820504975780375078338,
-0.0000003000771146110168779555113634177602299295,-0.02939998116040032584308324804880277750321,-0.01360039604037883345616873471707027988264,-0.0002997629772225953634628346968287664305684,-0.0007008533003875264494968090893022379710272,0.00006196681290913717797703300052936488659172,-0.00005208746660406943414656132874858226420344,-0.00002563447616406778623924858809320493386548,0.00007679286407233661815874162062873450078318,-0.00000007660696836512830254155034608703305290301,0.000003134337101281017423773146981897847182735,-0.000002309681642437198275326354151927794050652,0.0000003942319103135102018705898963118686098224,-0.000001756232735680921769863248502545568272254,-0.00000202405977498150571807279258719607975241,0.0000005084221719351603831904560877207371205115,-0.0000002302724983518418732164168700634422581363,-0.0000000978315165859243196207789901536187648568,0.0000005621427146715309919086451005818642314484,
0.000001261607452775954059750178441435055740518,0.03795532470413489760254282184301156779277,0.02872825878266019780631231299267667190729,-0.0007891156400513301461576966403875090246514,0.0006132025818501746668386557726842812753351,-0.0002077198073084231428949493539370951038493,0.0002045346221626108139109190041286613634612,0.0001248731726349249558368547289675294557519,4.410761464865568578145330783063700061717e-156,-0.00001171356219696548765548539165172636316012,-0.000001308583555741876213456435657954058211231,0.000003138494243996977702277554653454489460511,0.000003902437228021164540805242842731190202118,0.000001113274890734322505800096575403098413674,-0.000004319679649388652744175940085594858324538,-0.000001729880556523342313927974407063691259874,-0.0000004979516404889254368836143332384402095199,-0.0000002945645103276025062062107881629790136607,0.0000004827028228601280027900921763598495145957,
0.000006445307296962658248945822570006833043498,-0.04269033204613114880055920033078792263729,-0.05908837119397870535897804387174134055751,0.00264337885566845494664118185591575192546,0.001519975334763484412628327930293865313201,0.000947595902247405789421979353412335106835,0.00004325409454059896625414428249885250234011,0.0001341011168256127547789777950220987771668,-0.0004971748410891660578656120367604294793145,0.000009993833086266161241958851346667413999751,0.00006594241933237698449601789022916880490085,0.00002351440302943965266952223614054961160469,0.000001914377201108960088689358214029392398429,-0.00003509938612433006236917344807084065692133,-0.0000216004621303510914708947781322253460528,-0.000008970384483745978914560271660625407391363,0.0000009989528722566345179785129814578508347114,-0.0000004386325671257104593396306161299663945221,0.000007722816563853255351599207115124255925547,
0.00005242303935482549126789508861795407906361,0.0250885317957373499887504518514143045027,0.1130158154585880746786600407176381105458,-0.001867481478629574060921099590769855722018,-0.009034983888077514984269809417781373686244,-0.001260909404343048125725040456546225915803,-0.002886190295398076714531296536773725252061,-0.002505618268062577956896683378313694137678,-0.0003673115093614221602049004689076254756718,0.0003346751080506676999232572612127839541135,9.243949387478609813716006097890898608341e-156,0.00007945904136795996924560702103600471035701,-0.0001333996235113971913590395508279937435367,-0.000251827537411710965725257246438785506023,0.00007576428337860007254212344470638707629767,-0.00005484641711236677990511016405172276818866,0.0000430611544760056925066686496486433903345,0.00001223441667448216997502855610042579294207,0.00005385364405628319282013886917186473509428,
0.0003721238211855813299607228675062410846427,0.0613103942874349956655456009076189290387,-0.1781453183568747322224996341473799729656,-0.0153639569622100637319740577837050299319,0.01946482218542271951908879170848097226703,-0.007782269556253014327300958565201277110805,0.007415293557045567236463143276607704098472,-0.0006060682430062603973672532214780204665149,0.01091618843998210711078724047460301918329,0.0003736624315215656454392545914666699231179,-0.001658926783524348819170050294941637633842,-0.0004716712646819834280834818780264873911962,-0.0007591097857708002226127052158573622810841,-0.0007683855793019773049712146321907249628659,0.001493500159237276617715565676000808727744,-0.0001666293088183021421720811061330585168035,0.0004398828038232452427256374173273904822666,0.0001847622285128961482828578998599903665992,0.0003461273908120661952532897827997981236777,
0.002353555882406892681522329407291064228583,-0.2690331011335034569958944898523931397628,0.1500276705353404673477740475026252327898,0.06044475415248706879462441876983828772486,0.007177888350313291621364446415316575028145,0.02911903738359989205746060924306674465421,0.01858837453336844825264409741826178392065,0.04259644538315298886217224758599800481689,0.003539761611551773116094660287628219003793,-0.006802055106139146925412555262780453448921,-0.003853800200861532400541182588683497762008,-0.004619955254561467407757132916466030526383,-1.630567109075255447798186686431881729344e-155,0.002675989366577656852775929874354042949423,0.009121611146364088853191264380972659658128,0.0004010866169575859202944364762535796413618,0.002804546719081227260525225633577482672945,0.001655962808027331487123873417887674698553,0.001802702755124734746036127662880148256877,
0.01250213247954421601607684383480858879858,0.4442674811239394174994905078376836563972,0.2126747803788882863195023371254724485775,-0.03022465964085408678420287655269216560016,-0.1332866610226591486620890630394705881466,0.04692245438627363858274419565294926274725,-0.08752981799431361612284918837391692476657,0.03751175985010897468521318926589783569731,-0.1425305946700279594396392287343662585381,-0.02490089686573737996833768499597561552964,0.01858088556636004102825794712729431267156,-0.01240494158526150541124250597760258930536,0.01630280211612668610462768715405210705003,0.03777071276244484214881174926052213717065,0.02571117052404438543423595056905854212846,0.008130510107584100597965843004186575653487,0.01189130801585232750670672369941035538821,0.0106219581688756023328221297583009504967,0.007257997190256721921093240324061341916573,
0.05335484862561741892799460413707230842232,0.07926921747672124316564903903442625502721,-0.742954707913124309529859911302289165464,-0.2633946092861627616801818706506825174267,0.0844349167789904083202134079128904981726,-0.2002370709580077381102367746007658922433,-0.1466646763957243600736882924848203427525,-0.353180946610595006589893250039195813871,-0.2491091753700735320377188352082628871169,0.007693764036316806600563556423311849332433,0.1027625179557558402635237591669671942641,0.01110856753863091910753937023119135133487,0.07386904704155688329156423550668432776521,0.1787748137096562345252945128142693245041,1.294945402073667221211221866277147958502e-153,0.04970496806698340250037081007472259148735,0.03211026317233734508932185029824790233905,0.05007167132550617510631908881066830348675,0.02122406649014635545408658584394676989011,
0.1758049423634719019888208536178231805048,-1.043406094640733477128163990196504524342,-0.1036962179435598321621998211496756509764,0.05057788261488366871314864349758259513116,0.491801893577098546772247116367639396917,-0.4510930351465607558478435166089814388538,0.2722819814931263848209686003320889846485,-0.9701670884193357491055644570017577603308,0.3911569769293011992320694861176790048148,0.216271657992801781577260009392435223823,0.1715420156292376718960870360650282968227,0.1561207889330017277704816430711595364634,0.1497006638533581481611105508026952960863,0.4836501517346656827160078835085853603056,-0.2586830514016248225594574902265718304812,0.1832384852080232679362287105230582376084,0.04618375939297338043028301622605671883058,0.1728054088285987401787247690459438890756,0.04188622667890648756304910726459190979891,
0.432948474564076789188906750607481184771,-0.6211604241489651339342667981566643289012,1.196997240824323698546841314499107932106,0.6944233967085308856903576600908464088342,0.3248279434660398223254314461639429067105,-0.1293501484984679060491778460733636102477,0.9218111198251918057224398344064054652598,-0.8572864467825034213568888406475898744753,1.851462626144900152446560465829725484465,0.5806719636236771051097757618648895672245,0.02710409162682112367649687090335246771887,0.4658831685652297075746651284731876772064,0.1278011522024051265472999920044702304073,0.8327033901132584490895286297636069146826,-0.9718405825539845284343856514929385691839,0.4544760602555251216346205674305627913485,-9.57203273502220890638221080276912782928e-159,0.4324670505602114178302361098664962951876,0.04974217881521638738881039845160075971381,
0.7774610134023455499280592286105504274698,0.4596457154421560131280594954746190593086,1.522321422147009503165952475281798244094,0.9919783938081060996074585619322515863253,-0.2341973382511296465836310271718873094486,0.5708981174466466810527289759591678463326,1.220140357227376412867361331867858264721,0.1765143482885090971541713391771115178387,3.143992139546094465058920312836518651854,0.8829618965814789319228596206894267006332,-0.3309710537347080727863181057448411746807,0.8129500248554012945094158210155898084392,-0.04466446489888133224879817503783136031851,0.9996665644805940543268928912563500569754,-1.981100943492821746894267247913183887348,0.793348945430188366545206437210910572135,-0.1283374194013968792911853075435261849562,0.778276637713863113231204575451548194478,0.02681011716609937019363556003202850925679,
1.0,1.0,1.38365270402759853147582684928555430815,1.0,-0.5721365097779720073815397408456993209508,1.0,1.222172937737810692050263303296961309075,1.0,3.660800894966637384030610161663921396954,1.0,-0.5898147333739280072958258082107691624398,1.0,-0.1960650766534949003692156144212801509974,1.0,-2.627665139374808029529885278113952139806,1.0,-0.2334449273432558612365929934357107309654,1.0,-3.294550133722174900110408931554894973751e-152};

