T_1 = {1.0};
T_3 = {4.17871859155190472734646265851205623,0.3276828207610623870825332724296162342458,0.5233764454994495480399309159089875020601,
-4.17871859155190472734646265851205623,-0.3276828207610623870825332724296162342458,0.4766235545005504519600690840910124979399,
-0.5028726349457868759512473431395442928592,2.571926949855605429186785353601675054694,-0.5960392048282249249688219110993024032899};
T_5 = {27.69769377568408840916613663851359043543,12.78333791130440601500090610772214820099,3.208489386713429859797686375147941186252,-0.9514904122489162212716699357512562546035,0.7415504960259896033537032273913420094652,
3.065984257033151558597036016460687978092,5.314212297391761634120492618650282902689,-2.145320556037258493894963059624829924819,0.436523216090390802570474859992269229371,-0.06036470885664840718608936049758332373722,
5.113924979291519864418947587489420612756,-1.617537568314967167553705069291328747309,-2.00013438779111874611154981417514901898,1.378565273632228552455277468742193211401,-0.4768096412572696210179697709175100909288,
-33.04188021351900000806144694261095077429,-17.37695347906356701945498060589871058527,-0.1721290632540055611515288064277513837495,-0.09916977798254264258816622140173685847264,0.5312281158383066671849114226060247954266,
-8.611443979875291977700082512570348519505,9.699991409528808231335894053420032664971,1.91472863969687428485137560339172471528,2.418692006084940026426563434082983507712,-1.047463487935337418694432999211736017659};
T_7 = {227.5153059626806890388393011506457218667,166.6480224676097461089729683041486557709,43.26514588452621505369067359414994228903,3.62309006134101613248691820771427384463,3.572674832938798031294821819808770156796,-2.743556365603367314479807161010513177255,1.451453540254750351507119589228455610535,
-5.685745523645763079350865514048924866961,-5.695328798344218027141733594297767776647,4.194542877032578517961843086390874046146,-0.5634710992339321996180808377612010516316,-0.3498848724553411615264254867470154394264,0.3756069796496611179047645140420989062868,-0.1561849137021767433223279595403627514527,
-2.612181217358560762931282975078711182941,5.189082743784435650126341469959843985057,2.639867899983247950322993120931920391563,-2.627302066922130948814091292133320033929,1.430029415997415535093704930283998215574,-0.7399729444472437474488158235476292082286,0.2521270225044929403266869628692369766826,
1.677273518349435847211732932365551834263,-0.2120738668416560450302516429945034788731,-0.8397244598554052735510482356390976884977,-0.03117486427587609209826264725770145751818,-0.005764602480954630438139204022698978950742,0.05455416283154177035418802690334441677937,-0.02769204001386686020220964034033505132671,
-2.027726305119479435876562291686551684322,-2.433810222066891779687285693147447606983,-0.1351024776550297482121930310824296295656,0.1023190145818236310904197663912611548392,0.09511646667027558029043440693235869873963,-0.07338736849061530135022500434731027343894,0.02530456575744630621852587940170682984603,
-299.1862480282520966786364252394472810794,-243.0407453687447911819005652300830926691,-48.77710407803786921219093448873880326946,-2.03867190574193440528015205293433905622,1.673560239861084944268290423092132021109,-1.087374032057106164455596925503231110736,0.9019382492960993738427155148390040529634,
-93.07650289743530591157194526373738385457,23.8816310562811442770319002318043863377,39.27888073081384382710156461367603668344,14.3889156854910800698761307424979534709,-3.510438399399361221087084324808457349722,4.863284885566180701214910586997343135036,-2.246482729591239916400469248397112322789};
T_9 = {2099.157570594175470474746880507392117666,1976.238315624602472752050110748621513279,683.3431485950018868646970734240644946592,123.8288694093231681031935494135420123706,24.08709289316616581179139612336839527948,-4.795550072620515780587549085627648701849,8.017784228234046364314731311083134729506,-7.132755880792701778571947319608538144662,3.339991769900187106303500131281206566154,
-7.369062636376042205262725851603088812326,-0.1487518427412782941287990959304404095884,9.873449240684709262472626747105610026683,-3.503498320207456003985347753104900468353,-0.08157448838349813018347040353468554608774,0.8139176847796826848947628592749076651646,-0.7425490261472742516885650332115779367917,0.5264226711950332814193021976833257031111,-0.2046934232282734475408894129833500323521,
4.348057766066935349953727524317331741204,12.82428026627925165757752725526158149993,-0.6875483145584642468272807648968986949315,-4.813678192336467781512143828819441592032,3.372662053299729271604744585133251801727,-1.794053940716530580072268984960668020862,0.9557059971448161899210232803931949843343,-0.526195629857121971276131841692714020627,0.185890352720769188980181961447888071025,
-19.97244804268368564118613607906102418442,-12.18727889111650256287043010775746320763,9.062419253210666095887696518268199788817,2.754467309718906055711971423741484694542,-0.542299023265628037271963995812133999714,-0.4405509486790922180297821741710408995959,0.348867141970653019569169944392257998511,-0.1761136863377084631331877192753253400308,0.05517479074608594650500329423948873566359,
6.821113427773378574156800426082941830118,22.20679354065210032133274039345825270537,9.749017259329837940113762180135726099397,-3.133238533658502355230528401949293599439,-0.3565284998647916445530653574392874293493,-0.07188772675938988025294066565769611214547,0.3700154539887371144436725238918983525286,-0.3452014651474269160057543824780359359394,0.1438279907050277676491036918946803463138,
655.8683230557462435839646588932329301433,510.3594977752510542440749844585313138486,-10.31133820745862068481757119988468444146,-57.58953552808418899468877998861741673536,-12.92865214436533227064661073939700967862,4.449753488973207131884561747686088347869,-4.184420884604904468669257920217122575455,4.44475175257314405920637723534893586632,-1.982586244712187111478029076892691785653,
-192.6624777679697813422199036074440876273,-501.1903684646227865917601330974003652394,-289.1241539859571445018721003819354489903,-34.25120577114376468461323971488227993205,9.988936544144762882626840327236337963669,-0.8518035264802091758422152059256746472669,2.72663365156759690187626102130677800783,-1.812741634371193974608222938017983934049,0.56313963547031817908500914095065806404,
-2941.899467309572039771078797792390699449,-2988.120555208806601822396336748335625704,-1011.944941478984734527151585596641391216,-142.2027044816686031071446738703143954374,-2.637437173561909422482436231610312031113,-0.3948885247533356235660428022450717838155,3.370014030345612248791571924678887535414,-3.280624368340281215413128125061205490107,1.884465003595637487967193230790818811584,
-978.0138533581509425159338810459911323509,-224.357849604948303009757036868048399859,342.9471494612677105636035139629420155042,170.9110582713691740461585153710174506361,20.31473943612518037469112143516670147709,16.34813104423866165563437739979857763659,-12.79324144103184607633216958222723611617,12.1698745969833643139278664663854848428,-5.443164657285114399386642180703516265163};
T_11 = {20875.17651864182337038558053119783033292,23094.28670200339363696029313757427115993,10113.73884163541318503791851400540302247,2460.449809998513224634323871061334137156,426.5105157383441400602815047372575205888,38.12615529392610081053986289597847862176,26.76185723175960968635344121428306656858,-20.19998693766557343671593221960653037671,21.85816581695597572363522401579781159106,-19.11442262510684976924404528606861869155,8.472375635650275956165589962745819198069,
-0.3814625751366186009609016405863004320118,-9.88769601138557998399928760288001201588,-7.158811673746935144231280120843141805012,7.063053265904570431515012456215783851083,-1.816897022325192327260597548617473487393,-0.3695674069489977058079797114294756939265,0.7805281839988080468374396663418729448919,-0.6959335835395451288464071479878066349527,0.530561516478482773452795611230902397916,-0.3652983551950146111402301499580002292511,0.1417388528359319171993336440820982107744,
-7.128557498500775484699635055816178081398,-7.157104580608036377596424583341123561728,8.379450779633749507957963356080832069602,2.372360057914559524207878290608660538898,-4.091804765237953679620104539218594398546,2.61879130193979587629542790928431074639,-1.416868544970014193029711080596258715399,0.7730897561715658838274699146213567211294,-0.4457185737992554204887698020220488329079,0.2617645706282791467867461101655152043563,-0.09522901782130073716195933723561013361038,
39.96573455560655131529320294855311038967,50.64213067293797462001333042001084492645,-3.52227065651130446272129823396382899401,-16.9665563082982783939824714081495130245,2.212629297944494934682077753210080718543,0.7158232351615210090085576750022094199571,0.1189790635463525773561157085033680643026,-0.5621919569179881164080741439700749215049,0.5735438701534078089791080361859629144786,-0.432461172008952546843317599477934659373,0.1720172964988054038393319633718972438273,
7.568063618861742194259344027067282805642,-27.42982609997718825604807695764547336437,-38.59717177257049307623226372123030542686,1.675313190481225932964119364753480749765,4.849973225505175359007655258449475524912,-0.671048159163782717445980603121556685456,-0.5380116785340880541705598808130252454495,0.4109238867364585533443967565973822945059,-0.1818168889113835524704581343118857131096,0.05988335319283212870252360302429606859217,-0.01242482389858771493008446552879814334844,
-2048.573998190718720110675988987676760447,-4089.642280129498418626077410021904342861,-2311.50610952459719134245923365323486403,-4.939417677545321263122327121466154802202,186.7232667517383121217462143826031172331,18.1550869228215886623680052486662586561,-11.96290728801540807863135479239259390136,6.075718140845057543320607210489050873736,-8.517638658886185035531328393166112821824,8.547213064607682051159274542044544073995,-3.785979342814341016469494458671162487346,
-2994.144280515222527439616908471978237241,-2056.110678320284457195992477342377709457,985.8281131566360650789548618457206137331,821.3682027298481351292313096530080517231,53.66873421517118151399415891605824415128,-47.65437816006855223355284505172865033985,9.332299764991891532871267009580724865996,-12.2805280381544666207529191986018665492,12.4803852024181812311190802408449245587,-8.931253206941206716224376879204432994531,3.408046728071701753037772104650142500555,
11627.28231921636828314307961649291005638,12974.04637534340873114947088224643623087,4153.311315163210063383069928910253837399,-131.8123003700689724568080712568430498336,-306.6846396842749738275454065188065396011,-35.51165438750258726593446809955241622292,-21.24718891723597497552284280086434814037,21.493417300725700566988096470959043987,-21.01203776649078259337838265714876683587,18.67054259587279258638955499184384201282,-8.024397020448883106996115083667365245261,
295.959172573647122206355382977570162245,-4145.713775545232441563104741551372935819,-5064.992643145521375374499878710449068796,-1821.821344979736477587737303856521493762,-193.0762725277553809335334666986935985956,13.94043829267029819244951838871008831946,14.32939304025100647744410773222154659878,-4.538809705202877892573042669838585643799,4.265789062172353175335802777914481182236,-1.942405672845146273974047257916792894305,0.327504761013886677839562906218136696516,
-30605.28470847427229002760569126426135876,-35814.33265844804753955308954457517154279,-16128.61497635952398083075059656892283834,-3596.970009237094595852778727457729883468,-406.9597027031012599513367593917609833696,-19.22467303153912599205900949941120333517,10.06462831393741186194669364355569936769,-5.802333958622755106663008272166436038108,8.969756076303635791257280735976853642347,-8.976873689663727531022757774531303235743,4.454993647027548064718449284066905657199,
-10479.09657174538393283553275428420385626,-5882.488061920034105713772240512464307203,1974.986228855863811914125655901524935426,2005.399020421422917748585141911635409354,550.5096746399026451663426680314789787141,129.3315435740589955930502833412374136349,-21.96381531583851533215412440176828944173,38.8758996857222272028028508718026120276,-37.60015571707744038794342247256915905233,32.85044920381800691402847903112720277177,-14.27539029572050829909346674149701362633};
T_13 = {218829.5437016078252666261330962064962014,271023.2059361380637952646048050419376981,141959.4598444386536319778016430999310655,42868.97439397272354592758959834709485343,8731.151350570546243970216294706181855521,1295.58242045365394849778045460290565245,229.2951064266619990358383126624234760133,-33.77369680097753737379612383877470181293,64.59838917797056814987715971045881293812,-63.64837445059810988315028891098113633695,63.00049197563307284866348518457629357745,-53.29981202553070273941213136996381529407,22.93856373594531674413490689067898564674,
-15.02270753321438085209542845471898962422,-27.44914388569005056086322880516808381489,5.284396858433096510737141170641389454083,21.36137304624371322414310916984273764858,-12.56265992716541418550874436248889158891,2.568323729451237562198284129658695593878,1.160710042114548988632301751826432557338,-1.839121024943449041306139982619353115621,1.638555592988157420190994114772627003592,-1.291378182331147779889791403241438739032,0.9685282032196969317893699464612953552236,-0.6705860504032470315110559203900724322684,0.2614561466388232001951254320383747547881,
-5.820546956610017803923709690536457347587,11.67820748579679203825945062744285125353,30.12376688445787709030523829460184182601,-9.061411210732152560303631092690788326771,-8.297605981797329252333993613809155451667,8.838946525763773836412082145350456138242,-5.51731327843918820330551034308879401849,3.066644936535585894003179633714056317653,-1.718157555091058545234786491448669426887,1.012373859069068477799394963219014336902,-0.6269291694094664426558020903798459460394,0.3867261923022939571508003281352401148454,-0.1437281881979860006939524202516172940192,
401.811526037375173548336132572865480284,542.3056572250697298999872484224829427875,-31.64928969232475418060623349016269849273,-277.594415621299293744874768602678154272,23.72679717239696605329268100340363016058,28.40664937978424024874127393537977182328,-7.155700785887451772647498818941543995537,-3.489896234639390520551219708383187422431,4.59274504432997941448194293971627034568,-3.3356538637127261587526947642081281003,2.112425503179075883223554590431124794283,-1.255757103442270847036822484376463439394,0.4535976456552499307394398205492694032047,
28.69742870680967081589820917335457641674,-334.6398052727281895465083078526591563625,-508.8796743823109013555495616493143530298,-8.958676962845976829648300927987137794498,112.6375682540978703592270264228208277524,-23.82614469105717814583256572832680506177,-3.136479234145933863655183504330291846317,1.335524538183617542728245108534484146011,2.11560287643732784135064228961857852535,-3.299934993403791304018082749431499113304,3.15372286223161469494732978889048685388,-2.41796410632845702504739744072158931107,0.97605950387833131749902278607535811788,
1320.279630494232552643466739993828729414,8015.927291232283268650005375425090281461,9154.705406117538089071779902680584940342,1841.237627496665631736259820989569304586,-958.173418552449383954271751376999181258,-193.7034165563730408124729007322079665293,71.27954871413884304120933742761802176605,-11.08522638224863433712395380564143885058,15.58603853831297407740898322506560870368,-17.16342120370601611006396377227360018552,13.10175992403876793880045862828429342605,-8.32666639860856508254904575924328140884,3.053529664559033079094552084112960230804,
9383.172048215661917829264593844506684336,10968.80396568315241875012233147965379772,792.2844197492962384889144960908483560439,-3479.286068263763296057398557607055508428,-723.8850698030425622740474997231105965616,229.94783706541126747772703671734804883,46.27518403910352770366966663881845250454,-24.77387890164804430218717999142783467116,13.35820278780480673808956834238384197285,-16.6513218993451757979119760891374293411,18.02248331055472131901007160864651645448,-15.00280045853044218350204154558099531917,6.249893610107782623229013229305454438869,
8913.158446603979063979695152624468178352,-8797.872004369706046571078335631601643699,-24394.59696707423127313443076933686691964,-12453.51941946609526734010021431932257732,-1359.14107589440224800066389108722834308,452.8749316040157405323766052129467967641,70.92622880117031701408316486711616479778,33.11044435739842516269433711383982424247,-39.73796895850186214844124742332110779398,38.07392360235360775294785562485475749562,-37.5301368697784712254514562240526660554,30.75882604920281836781949886913050852485,-12.77654376214218513633988620708655563003,
-41681.91147718267892966130997952944217526,-56455.64609231570672284052353156431930981,-24164.36137515867596076313701731351208649,1084.798168555760420253868026136993391778,2896.946514019324320162701940291767490831,458.3333253759825304466286290488213655766,-30.70212962178523806571933243868506518702,-30.39988634761265600486631476107464981588,10.01678016175377955197474532208290132971,-8.521214027026969952248348960755793669202,5.069240169461106127756558496232741606827,-1.069993769802133157502993848049946409153,-0.1866406219160191888355856968547245428063,
155486.5624595447338998069215567125055961,203575.6397838307361150869371531388864646,101625.7105060205038923791129784520366118,19097.37813270480450760228900555210158362,-1345.344580605730626776904556702588535336,-1094.656624849825106062647719312047772629,-270.355390338109045490475154238843385393,50.506221076634455249635175749204258821,-72.59275088589885327469857732506617729821,77.13543551242995344263100251729941816492,-74.13872981970856589360776007531555114647,61.93617563254563122319229443835853490041,-26.13819590487247402332677141372401923916,
32836.21523870697550181872651262829340199,-6976.846983909637011948478374747390844903,-49797.85694589841907178215278260281287901,-31838.00566201994425666710131383521369852,-8187.49331807485481460056722610709704644,-855.6794573216636168640520449260251897409,46.66028028530560333568304257012955443634,15.75436185466818196553617533451882558531,13.12771640410784006809821939589347632254,-4.579601271661895385205602483653653328307,0.5716209756617245487054193623144985205381,3.433680903557898901816530558498434227549,-2.447555312346580228820418265082202925716,
-331779.1942568606418415105883055195874095,-428747.4239796304496286134172222208073339,-233113.1782222978997581012986047137342628,-69018.93122072605904397505390509022974489,-12034.75929213486538170963134935860499828,-1253.366014339087949415540174093428735242,-32.38350982467139486157329934441410314449,-6.164346503787070392790279431520107411037,23.3211478488528687859554440495780170266,-22.34119280788117266130670426673261897057,26.16099522644680293072624765318921169557,-24.76617090262005633498277491947425918612,11.42865833098785613866737817807515567065,
-115235.971118604229255225482702621076193,-92893.82729443630176096537922498270529369,-821.7847418975695312772862074828516778384,20176.86553758090796095626879384889032423,8737.082424935574744098410395846783736384,2094.224602386645617918401687469692420315,227.6092477769932987409585597452157174805,143.2022092914065567983965004957567564424,-104.7648413884231065486328868258877071294,114.7144412920876647502447866716894487484,-110.7081539687248063437313573763679425365,92.85618446678471924580056031356607909481,-39.56370738284555685556293938732566203965};
T_15 = {2385472.068649260584412225285154731161574,3211383.020350413804951568080297193143554,1929708.475256700636230800401614582221795,692239.8902257944154615082336880547104727,167858.3953425842652559012088244091066211,30108.58488699241334711621493892158093901,4582.592456756618092447054927915201981973,427.6120500358231698012044835835788331906,245.8070164368032318703427538933770080036,-173.6357648919793064629417820796048388851,195.3023794102307636591384390375682328999,-196.4182124857145116365795918566653338555,186.9423701068458671927292426383190277925,-153.8970971414482712066026132089755501395,65.07212376618128973849387895775693938175,
0.01415659755229658689785698201123029619689,0.003563891921634769245909438750491389222034,-0.03990877362841278294854077236650881241106,-0.01361269886561826739316097763475451315739,0.0263712113754985254012808196651720615463,-0.01223821987439182900666123237376247282026,0.001991208497481747306139166506070833111053,0.001668441210086726228639104719043945265354,-0.002328948466283156006948718977068146758039,0.002085940646047074426268006847027074538274,-0.001680592684906398039566450399666097737097,0.001307662962500324290286157155528032067777,-0.0009891848570690014308196172514608458884251,0.0006918920722548799877555574313973718678891,-0.0002711461711212098483495498919705290184869,
-0.01464853658026569428518394778323686895886,-0.03927768751705483974432874989474100466971,-0.01958366682119258575276666692217956512166,0.03490325879617034940449319733913143797806,-0.001900480675680099363934575975923526848087,-0.01183338206282122942525731823584238550474,0.01045273310064011830427165911907718653436,-0.00651368636618000095510706132735470797754,0.003724358823515098721559944822484936721686,-0.00214308890319495660909433160679808968024,0.001286892992522958024542342926038721828168,-0.0008127298882216961655703158527210634629424,0.0005319669973326495754226688669810613999547,-0.0003402807361408012478741915396173230194039,0.0001284503659403736172127343337964603987594,
-892.5566468298442177539054260835905034711,-548.1334253139222015396086220682330909101,1233.280298566759560741968687252911174088,1018.579486727726179724326314364830974845,-366.329911777410279537336976639057306936,-112.8665475921550879875863235411403385194,80.09431931362712406516114853301557608054,-12.00646301995170991932900940998739945076,-8.007293746859283092296767537742106737153,7.795455790151456058526560140265348250232,-4.24097628425749322534259436408112310639,1.641832213245577334696157318805869223203,-0.2903376297477223687569822256247836282077,-0.2108101495813325018401104149327944979545,0.1498954325460086222992603028640196965716,
798.7767200038365610844180871273961137058,1969.346975066979447141533718640035394587,1387.976014697730519702696132333402162832,-603.383389324628706024951526875785538196,-460.6068355298692697893194761760736956986,212.7014972399327636682811573989716797368,-9.756175833708517493217592413116647817982,-14.72939417870868742254542515752897431739,0.5519954744373612684450558775194681422581,8.18531754901844619091080919818548398682,-10.20556996798847797137310899442266759452,9.306239429170747527603200660835473339301,-7.50803142211763432143503125534660307073,5.387143160888051664046499463401289810017,-2.12795677925317300700007366912646325482,
-5792.082226897920232968559179438516364119,-16763.43770496521688047313929774966637565,-16494.12678121730123961890386943099826107,-2382.340400552278247018271623979678764122,3023.866238254871741820169544679536371979,404.6907406016763112373342506900972572292,-258.471740988566320787286913439403770379,-1.190147321725681995025919950992467943569,15.62230366521766565788895185208111202097,-3.649771088694571981572287245392907676277,3.810535683723292852315398379767141154623,-7.100402180593084676139071878603385640555,8.553373437106447961930381914470583145295,-7.517233920174122487219287907160605560348,3.204413292761553319797708149723972225911,
-12220.70226079979278070609538629494765414,-13029.42622657255676403950069443954944027,2630.389838925146799287646413989453935613,8385.672285872892108001136492088075780024,1430.842787299960717974192136366787092177,-926.1603002997840153178117519360933513869,-78.63324368748733466145640971646702102917,81.75925799532564927846800195927131042983,-23.03233296362667851961124665295749060386,17.92242987288063898577967326081595977014,-21.22656052920933947738485095209882458078,20.28344346138442874655149162999209654935,-16.55217382491110494543099164750850905471,11.79399877529149618608572091459118074383,-4.628681615834035470764264981058899941016,
-57391.33277481294357141221023428781248863,-65399.62853215968885000677802870089058412,-8600.680315228097688095898416243582652267,20676.68260293850515063588753827676646508,9084.713793039199996513702533177833242562,-25.56853692452634587976385731382818634537,-497.4368623446066053838353559787338422603,-20.15353903837699543026391820840197765447,5.082306635606921314464670568213046874267,14.29406171019917231920126753316985618159,-14.88961552644656506731664759263526601216,16.69624485129602552350386160094327924538,-17.73034925454172670272206976746163886367,15.24813260584968916131003662938412681419,-6.486614479950226900812654506921504171016,
25630.86677019542663600148892135699081051,66066.02621709981499290465405770572287171,65324.65739711830833176365373349595665108,21330.89548043476660306520588491736342293,-2901.343196480869956481333713694928164031,-2396.737433894465998359313968683144798406,-64.76671364031375019109142886140569166639,64.69309040010513849902130234757044480463,34.48715758502787969110462289526713738685,-30.5124760905603266850619595759880703945,27.52020897392004644525498331108266733725,-26.41794566217939762068552770143866362326,22.40862861855064551046061283148750535945,-16.25483908770761022731525946765128791428,6.40518686954655606472318895065973328793,
167368.1360124534537629671437649358985627,160045.3416002339928479588696528776436512,-288.1274814545349226457205347061332471725,-57331.86221349263302626018617237337449364,-25990.29678539705112520978234303584675363,-3529.337801896148118504171869835838204045,294.3338342170210956637836206822885846507,199.8354400014746137506388213483966338895,-30.76999132382825769351025677601351889982,48.32767850547609802421437657836302219875,-51.91220788533412369527120939293156792894,50.08949363122934092554289825689371902589,-45.38651500460615054537142104293923746003,35.23182206161233176368771480906992381328,-14.34583585761519838337535731979605733822,
-176371.5142224341900968012493388817377792,-305148.6331119588261949075837674354201594,-226545.3229326340848229452345763454861937,-72025.10003575328138006685955859199380621,-1815.402421087872460959609699012876693674,4323.88057971110261443016255131507197546,930.799239541025449144667391953348785917,34.78390616783769608450321041432704530096,-29.05310059906414070489011707710096555785,7.945732297311276801092271245560033323165,-15.13210229705424489066410664785385574094,18.22366207486148152104183383121605688902,-20.20590664425677671685644905453274585894,18.57568659319223885335759097522257640259,-8.185050547241531771825189194921054166104,
1933517.383303328888288950775183945219015,2780280.542516602363151080628383898251016,1725885.34412108747985209476164360553377,538405.6257711987802261785268171597927839,65891.91765777369075592621342419598628725,-7732.124883993053493747895549996856866137,-4450.907333972789603974836305092152758932,-559.1200750222306386491017516976007013018,-303.7274657929806716683420927641219602757,240.5146199492064791129780296920303439198,-253.8925790370153518883033200593485057788,257.6323174854685795954565486122263152367,-241.0551350370849517286071484442454988242,195.3322244751680759713060420329901439616,-81.53253969032673463236092290154103491143,
649313.5841842210455838966047649223734505,393338.61522511978569753187191877841052,-315981.0712422019053189701395564183458853,-389894.8681475354302790107528364157409372,-159074.8646153525321972355257317725354954,-32577.75392863595487804337193433182386388,-3229.885322301648845869684823377799012637,37.39220416975396649037468822285204554598,80.68316907863034183020292425597465488936,12.74894070312972114115162540774911397683,-2.227671561447869067121639555102325151726,15.65134776744706488176500006761062342565,-25.89327117423344563977735160639263179071,29.7403828893613271449612677917266225548,-14.45778125381050663222026230548565212807,
-3711644.357791772836296553568475100529293,-5164103.179230768456010514915101016977298,-3218049.753348942473906245615629595799846,-1163257.508536823026595951099106765412388,-265007.7254523319091334239019891355305194,-39724.41375620932730379398529988114776598,-3793.258914301010022163783904511131983356,-204.5072562752617276303929826005594260046,78.86645032518324157285998210445002387216,-47.89967268045621668695267348555472065616,68.36513169904469479999013068942714591501,-73.60816968851487951695979640548456382588,78.24230969279671455996072005201644547834,-70.14750519894486546606406899359965079296,31.06643985588234195675368229751143373011,
-1298494.072336717193795671536659294924169,-1291091.603006701713274720708273104144893,-272783.837739127240574992722975987956412,161573.5567639971695122339707926811878592,115822.411858890499450376530304164453202,35557.64236797115832591433377761918434738,6734.977681328476774645530012140880545913,1340.621277929257441795662638550535046502,-171.8069960642943313899960826010510946042,349.4400423383365907626573159848391522045,-346.8931086901797505038174242968862764437,352.8785888796497844179871795377543286832,-332.4255974950714379971615922205809301979,271.6082483844785630139024975395351797841,-114.19383022471595368528711752053394256};
T_17 = {26801097.91690740611168461850840085091237,38467949.31437927806919435688253831413791,25747851.0849562566824801037763673389171,10621674.66773329794069544069641662443123,3005504.935996833473436905464146818136116,629408.8158080286293379591039654592211282,105332.8574054562210831996416067666504105,14481.09806909195133516290769326144751616,2432.916113205084083632726205430984561194,-279.7931633312895837144944616302333688193,600.2866049530782363025606708156938836268,-592.6228713048698536194840118467378114453,616.9324992700076740984272940225291238862,-611.0995945120963349344363146148649480199,567.0240757949977652521524236619560183845,-457.3600534578689593160218730958830714086,191.1862734486806171009568903657872246893,
-9.041820252672843323035814507201279244967,-38.27853406926383337106823754389659118491,-46.45150911066594235690461702134702309813,23.07866641886175331137625586331790861773,26.72145186522774310392392429134635711161,-25.7117231344288540859961907788094699504,10.4130120111804010314532317562047580782,-1.271232706826143911546697833526698606797,-1.946432491950720290882254585345603572265,2.530063452927730007128505680662677781029,-2.281856678866358131772841312966568736315,1.870156161383678691758480737337741271201,-1.487903135295827447054397979729070091435,1.167796253617674662229006699558847663172,-0.8943034818917479923737450507004570185074,0.6314989262702721576529461799124128572184,-0.248552869286524459525129638549023309357,
-20.65607649042124456571108450547280987197,-23.44919156277218512372007999258908704077,27.44458019844318872848817268396077149756,44.00523652609390107394261295769981528881,-27.18341890932474815497204438896356018773,-4.525958371950395076205500056831379884386,13.32307763040071867174157249900669600776,-10.73482563427537635979035005281206064005,6.741332797700889401528174614231149307536,-3.959620264021252011297014846916056600746,2.337072874680598907739888540600824975026,-1.429500297505111249980312708917076463159,0.9151960278378453783525396586796538690353,-0.6109634677870915317605915853570991015806,0.4171138311670662022697628671314696278741,-0.2741462655518152063697024748047146738052,0.1046883592770196677499448427425187537205,
135.5877845614241745140784221320244698551,904.2376696529769245689501142541221083583,1406.167541707552200413526929010309191316,237.7564388472361072982846156455511729883,-567.3144792424761576148173799957164590055,31.73895830455821917665697128544666409165,90.37175907634730741585335949086005358317,-38.93324250045938268533947820533951227239,4.296598470241933972755217574704104486351,3.970394433221693601101649682062054232879,-3.187046430929663874137282243455691084627,1.219660721413116778769113957423772435084,0.100569697413208664311203448680015777241,-0.7298797344437929668664144208645967044837,0.9023035073227796862174495253376107624205,-0.7823112907387842870173391674333105150747,0.331277064633641104433510841267694218804,
771.4144745687635313208100673565130580785,1082.600771102064262963285856936827667905,-65.7842170697183288046848028427802402428,-985.7973455816878270879630025524994399504,-114.2893424807065391663777506406948389132,274.885855621989344134298756221093888078,-69.61682852526329530162392535912873806649,-8.463376810152897261971638117432152186333,9.360721933641161787871625120494546671282,0.04533406664606726602719942420585986014224,-4.688717328449208878429860366758236397617,5.652869446243975952339573362037093115488,-5.135358024289247839593873842479302140586,4.222979179562574701352837216412235913328,-3.276365039584930177379194133338845460827,2.316456691000513651746106563257663513875,-0.9109543651701412287269907765442854492828,
-42660.3413207581819122861657634727505069,-49105.55587614368763061564376264452790278,8508.465549071200323172604459810907714488,40138.64242922098287752841556109605436493,10637.45772309162438960690064198316819979,-6138.342969403322320564230765502140207693,-804.7192045946678150327687166883408627819,626.7693767135419910394024150816925268007,-56.58901635509841559974145142153310096961,-21.26512875926591452342709165761309162958,-1.495520350743338252188247665915104590096,6.937045940558696445702551361191810147181,-0.1557203851413822812839398838595739144966,-6.784567824140234413646595079213553634344,10.02703860030106441362708708303863283893,-9.412084080014037134488686542310472423312,4.102315955197544572180610782459662020864,
21802.95033848431421220798934612307615934,63633.20880274740779731154683957410955856,70301.00856734544414292972618341132968146,15234.61178341889591237117382683683828004,-16551.06280230267975213774201042647265961,-3773.564350143770283630420376500561736977,2062.685826605758421177733958062784223776,76.09889687984240904736480625660016725447,-195.1835792400337534761798662945822320547,69.98194647657017303010387432727122250336,-43.32175993046151451354988831281885471221,49.72043545015612211011845598912302208035,-52.23843230092064466530626590814681500037,47.57245172467142095808272137591479277017,-39.07929690391562768602759753874619781725,28.42024840516442460571758725404587363803,-11.29006028541493482120785448894258164023,
173270.2644282120553039583574411363932245,261721.4379013503282299489735391066761362,126212.2885305550362594717063646735657303,-34069.86086294479104929675045580794369893,-45418.85000294108031303613938529418618401,-5654.484349387019501109856826892682014746,3064.335362217572937321263945351780719748,378.8266723797783931593361980533667764518,-101.4570746306174033479437631550174049412,-54.22910125599350326142571245025792881213,44.83095661872087157165619343269045965728,-38.01863514623587879427869096749970999637,36.24350735999661552501884638574461803305,-31.32198749961887145615119922799363176141,24.16750231480233272795347097679448975334,-16.56539330553567396803547271555573762582,6.379590820506640380664544845172025490573,
7033.852948753441767181870009646530636154,-87742.61172072342090275584036958019151038,-182321.8517718304911374755024667386883071,-113080.9972331772446126662741055199251182,-7064.799207838253371877123326662248249365,12785.64280695860746500374441107032928307,1806.009513205555558620820437598924859687,-682.2594441069682498222728645186489080006,-58.66275535361573275065569743556041525065,2.022647125849798674483107816336811258106,32.26066670335214136456393017787059434168,-33.22656673090435521438010919687489192412,35.21108248590079919159915047698807071859,-37.12729092842652136663030652262640229683,35.0629274460122826052462914516351243249,-27.93854852453990941685537136321806755043,11.53358850301086232902710093493577008351,
1520938.11673494679121889499704000056823,2634589.136304434389208849319398778251121,1976491.919051355610634810701458859159251,560118.2601331990670554721297288367335729,-96903.98032036706308072231269976175138263,-87332.61768091830697615760371703416170614,-11648.53569586048081929437258669438137577,1818.775078531159956908440773551416201301,756.5756133804512707807061326897724522503,-163.9935358309279648799353362839198535835,165.4498098005271352228756149363288032923,-195.0333266984373334745820998568438514145,196.872065840034405158625223435287937516,-191.4375790140513060022151016910648136384,171.934477097229296042724989818976890815,-133.3049789142641395499496278957444618404,54.4286879792745985045082001863889616097,
924912.1561094236024191747366818525133304,692533.0061096184931688552372060114608516,-511253.6588177227039771307612487542751109,-811989.1007780513369965301644125650407886,-326049.6669320029429671278832564855058983,-21300.86816484111787357784127123723416275,15301.05614567878561508053730583527004893,3061.672964188936579416862661992033935363,-199.4553994493842708574002778784311807383,-66.84192941939532163528746108873838959311,-43.47799019813218809114070510274398316233,30.8790141478374380740623989665036628984,-16.02816032737567390184162383784831397552,2.208260233673893284087950184860493817348,11.10457386740399384430079556150653760192,-16.67604089657109699881924090716097999921,8.354362982921635710012230839731828430625,
-801377.7501716095696834292481747175117767,-1046819.480186511470949556150540788418035,-483361.0819018703657576049816455760256786,-4817.583868001045877169815221705799746781,80755.62261846953964930836929330962413717,31196.61138472556999965619610509093311438,4548.840400559153987099451051569872105055,-101.2961381311781942204226404338843871909,-96.70478201055263391845658186421900953605,-55.79560781352322817085400650383752862442,35.61886731006100171409857890555315860185,-37.29913084794389249888836932423791716203,37.25907207838862116395337028747108928448,-34.73893574981468474235640003289338977537,30.05514178697731380968940356836495722177,-22.64305170970800445248918329313115183908,9.112208678248138812591220154262357227451,
366998.9125719259699804100466349435151983,788351.778638630526493850850515800654089,798428.9828784206528740371705434444671849,419954.1348005609168477053827076931420786,105042.5845262540731557093628723747548028,4301.179903485120402365773332149752098698,-3991.633664321775098500461811100903451458,-1015.405490548577698054441550564395562967,-58.84312194100787288845153545037683890779,-14.9536110848889730146939437614323938459,29.00689105419786440276319365671395596788,-27.64472811128418293630128886535683071653,30.5574108974592257027700284154204167525,-31.85307312166371534572757169835603874639,30.78153921359290616680903774590445979578,-25.48067629307937369884156142770193172804,10.74521377739443155695438730044151515976,
23612528.34847773862326359787472043306024,36156435.59190804509044089517508412360241,25718886.47379477160487826351100681011433,10356061.41121849917276054567025235764018,2295306.484796188783859935510637659226957,187445.4782804409438983042399122662684015,-40004.36308057431776124020113549120821149,-14917.07792681361175405891006619560535815,-3400.948006845091515039786517379774496848,434.8733718547869534297430862537270697212,-813.6708284438950932329499991249883061116,836.1630430988949915746729794088681083132,-854.3881725144344852090811258834619199125,841.1763348978457136219729097891133274706,-769.7792434856338935162577658291693938701,612.4256626833375805734879693624596733269,-253.7558131412841879349385981459669603482,
10032373.33391961432153979551377778677302,9547269.550806884167454692244203081021098,127180.8729068484571393416011890609768344,-3772116.718980080557375859685123143150318,-2328940.970996194404455844330317689147511,-699798.3667897770258580511694435592653208,-122188.0699176653440098212182394181331369,-11739.69534833525087221309838108314214851,-88.41091278276439566206355593539609966075,243.6902612651505776146975006570777451843,3.44554457491979926757681747504141474593,74.73157017617522198839265529950003689671,-91.6833083356272840520668735863771026703,121.4556092145304388930556017093567429911,-140.2772146671364948981113053486877798187,131.8348628556276460371256164967502108175,-59.02724228428647561166491992253304641571,
-42567031.20603530834269525447487675665061,-62715746.15516459042307965233056946600027,-43375122.82961235685998900032577025452532,-18228068.5722673061380847832895468919356,-5048321.438453226643648016589623431790073,-964720.2193378197471831305532218750554133,-130258.7348521251160171757816577071795998,-12258.10942032355237195211915967621739616,-395.3054354385164196455253831474646534167,-84.33814692353106099931815935947194070557,204.4719892371026769088884558746771337997,-190.5278715939677331465614274844774400009,220.3294234774978477131639669229987172986,-235.6650869576665262971026251119112660232,237.4191753738177449015633697044216220167,-204.1854781865048525679468576725644194927,88.16561925651709919941152071117629626122,
-14945907.92288529641277169273227968348521,-17086048.72450456773346651743162902946287,-6094377.339910746012065797768292965571033,679833.5487195153899286363936356269135401,1334483.583674353432845161671062414946404,548669.5080069448983718622414655420644058,134313.5541198418498197685317563567097907,25082.38222620725317063212215947547536061,2664.060326597770962263225638356672831539,1428.863204006092868971574976522361445757,-976.2046968265609337559066809060350121765,1095.185530131836540123048457126079666597,-1116.443196181317647728390085050293669872,1103.751794804209301729850392696114155149,-1017.652033486222076465480303044318875265,816.2334773876315880927474038233228851503,-340.0162141789202792947620562156591673833};
T_19 = {308423420.3392762229440029865043497382202,465727487.7796616996586120996788880683969,339941392.505633366075219834574047623229,157312468.1666052563928704496226759066131,50819117.7205621906615907758561413909622,12217153.99325425651067430784680068277325,2314939.215638270467095322983132434778351,363602.7914898002623543778430422536238006,52130.19847619740727383524605636155445593,5013.551812116576397115870519056566669901,2515.279380843088959635002736631481479646,-1674.051339484428928811458772740306226395,1898.119451491802522156177241829775168515,-1948.953380646441085150374048081571995553,1976.436729195139647705585878441116709327,-1923.874270941639432085419366499500378598,1751.858746179422919391929529867480914044,-1391.83099057738499106505608843732446195,577.2804783165755673647562777098964700106,
-16.21104382665079388182772166524348279739,-27.59787462934019900539870647694109055984,-0.2809226590606370816757569998479718960046,40.14493923117211729702884081138303170233,-0.02860779630934617439801062635993607306033,-21.91473056355040512358299009766152671084,15.66627741822979388611801451025251034248,-5.791732632036453670780194952808256960829,0.4527621230763352468876926169489566896814,1.425467734248817294515750067000431662698,-1.77024463463117482343732537709037470119,1.608004680095496509938143088301266158131,-1.336770648873004378547753447119449039822,1.080860239292015195162080628782806259048,-0.8663849916938109581127723530611567478964,0.6885769524158497002736660196435608231083,-0.5334015473777056121492460332520299553113,0.379666386287014593463480764467096402805,-0.1499581025379116316915443149671893462248,
0.4243245189373903534128774857686780123098,18.16877553371435998382505912511633447166,41.37970491753016635700931004357786220752,7.447375026659895687458008730789045160353,-33.81981177326948053955420231686706949745,11.46769642111199360201342656718570575812,5.99252631710500260884502074469379984488,-9.3413668286324342862838575211347850836,7.163317471079952305551439174363030427072,-4.550903103773312192105889433871944963572,2.73996189581185581745376581300690419776,-1.655697844380759565138859447086030527174,1.030977076235027969328525219432077750543,-0.6683126874544003238184618539365082691842,0.4511243080019904140491310456361490056639,-0.3145429467564404030717993878682292048792,0.221797537166836696153926449469725966083,-0.1488133194647707934295360198361261789382,0.0573277012786512514583497937795407204599,
-2685.246533843982277427005622232163999103,-5166.843734687407681947396065086334094234,-2847.562944729816669864752273627173066535,2779.153332344906551158312671214292602001,2324.925639298878577147535293334837573899,-1136.522082307780802298267819347639941942,-204.2210657272309567196025943425659572189,284.616233545051034932483313619008973659,-99.96710312364840671822060281520807560674,8.278508150857303830585284528917983374438,11.2074812381180498834394182169566748482,-7.909241247257968126098281063036513067664,2.017964757334212949972309435837758254781,1.855412499031552214961553469793458655071,-3.6929966786227395859462632802125206699,4.204223083858391490004482862509372580122,-3.917315070055449489006808279930414961162,3.067414143806937530009009612776716574678,-1.256532683172013607521871749417435525376,
-813.1407746832828659248229442166760007013,980.3655309359154248721845670072455870638,4859.672697441735041581693340523272612816,3495.753814382458843737232660543207124511,-1644.511762486865821346372587286815357908,-1032.664721617566947900528419807185366253,695.4540038916570646758176508686569424585,-106.4800523447859640836271862011416947904,-47.06518260611662538460310502826040610035,29.79258687546828903564673060379861920611,0.05497232671647766350217301206216044930453,-13.72750805631476238104485451969180341856,16.62863594083613243310201672324525126624,-15.21739414867701425867599511634601046628,12.66422386620343180616724758575931561623,-10.10050906796892003872094089095883858803,7.761559548067842457592307391706489749139,-5.475856350859240585398197746540112458966,2.153052097458197708224673616841541065651,
41776.47094167998633157586345361944370208,99694.44244638940619543474152447465372419,99055.72263730733820405014440747156607164,14931.46615912804394261271517348975318712,-33378.21698136242270087016436750915927925,-7717.370075230586409507194996802786412393,5485.984177055117786184830248006200659474,61.31508552732945115493522599937357322564,-526.737770695407051614730273845974885362,139.402483601619457978688600536955964889,-18.47314076669654640122252371750266904822,19.58480612998422714517047585593478201883,-28.06530561434164536290072092275132946958,26.083851876784801157578559866602271559,-19.41203118971595829767242161152472673245,12.81328694771649773385511778339811263978,-7.877862892249186026073565813158166077046,4.546918329079870367900440314834415409895,-1.608042744657775416601992449281928117066,
45348.51311463771642657988883820160891397,43458.55150821661862725485347944339612632,-33303.49202391519198250811537301675927385,-69636.32330384639607884123684846962729693,-17161.34662308624662396023957432624420337,14102.99717488637255551282375857964490364,1894.549477785753047448380881376731372329,-1834.810502439741963608641289816174208042,178.7357560951260444353030774384868196636,127.881461843330431231854562197727534908,-69.07389827890322902237644412432725504023,34.26819052393599622971339599610527438705,-33.80791402418369389970019855858019186784,39.21708147794682848523167636568180922418,-40.64089720781003226749962283770948083798,37.78038968797734246786625895041216521953,-32.03938284321921827185350903441945097344,23.92558589919492915278154596156281766058,-9.624514401485568756392710581506145227019,
-286632.1537804523489060635650848214753537,-565301.2466151295778621367832283630608459,-477837.0801758535169643237217324230169386,-95032.30498566881053376141178285913240906,102315.0013329378280731477613228467181018,44022.66751788545312266997553129061768141,-6561.995075355727780786480117609310239169,-3568.058385170821619842058155351105752976,546.5266426125403157558559812612493097691,112.5785639303890806150879072027904556438,10.0501308570114933140901995439352537161,-53.16449962091857453181529810413458240623,53.06140179274431413939352661875068015266,-54.01743546391699080492823822081635584209,55.58741489244846604279597603382255735806,-53.43281762283463911847100755658992068075,46.77530674714894015626354029270688290804,-35.64790370934193029280125322790870337385,14.46089496904038908479394227643402955923,
-193164.6352154328635780795784717635089562,-138642.3041332483446666650033768416115766,192820.6947618708953040143637314264078008,298152.9500529976780185015957865486541824,99146.77325504301113987046459454788168334,-26396.84153431069636393983128365331234917,-13878.72923591277958966889502518443888771,1831.071948288450031707924563244693634524,745.3254673103380288364201452788953508484,-102.8855566741781293302953840342802306615,-63.7328963918324744317388264990691156262,43.29444069141499109559388725969665224543,-32.61681009024400253307115601142545702553,29.99919445458018955091742369689883502918,-24.79081164378217014287606074828631488189,17.70492271713265162583392681064534778516,-11.29291348091298979928387546644487099255,6.546756750963111331956769450034560268599,-2.301159912058031113097272512841041853002,
-1698492.057464016268183702286217315049832,-6536068.45065541018829761738532942296963,-9716158.210966507847630275385389739441024,-6288077.256756513812407818659513279322929,-1213236.74116777703738995838652329305055,459943.5102731814834732481290895216011444,204217.3484847027412095701168215236726922,-107.513219990615803629176542694164243355,-8820.292084156561060053828988331119176221,-700.3287993329219886780933253909746263134,435.2600441317266215079896110089471681681,-149.2258173476961450887691284534098497999,208.0651502152056665469700228592187710138,-248.5079865721857422695161834347819149723,274.2125304165028899921138943169969075996,-288.7385266876777360049623676582505409712,275.8673682696193672022453315293070331461,-223.3838585534506709278138334065412851432,93.03354929411517111359396392124960248636,
-8332216.008415599770841662860043691891235,-12171609.08304742969442491555050473680591,-6112676.169894058115735072079489238054498,1051462.071263961112119947891727452028768,2291345.878276180134452438808937831418873,676883.6361611860688832184146284467078406,-51670.13441716414645250632393859026638669,-45947.08339386998464891619888114926324458,-1992.609189811885636371452874874000668153,1980.086597630036709613029075556774475513,-270.0635476278049240444587783898977166512,392.8299566266057712650994197607485852843,-457.4670825181131010147245101657240996197,444.5081282458862192385828911811417984711,-420.3912433384653938656822518139937513993,376.0257352860924566449330314372893087968,-310.2706571928189888894564066686864477759,226.5322948683373639466481226750876780678,-90.08596596110103050268976615161808884874,
14046638.07198438671788759332808784061965,37450420.83642755987990325605687512155121,46742577.70055669330592271484126733767398,29667617.97076410964988288269748918819649,8510074.659410957543929545118841980872155,42223.28651366979449012881381569301899641,-591005.3865001436705465621397974802678521,-127581.2136356147183565243343923775749513,198.4458889393067465473961377974844033104,2672.7088698308333289498310683776424174,1390.220162434350330734869815216938938255,-959.993411592835539085274504564102304663,952.4391571163635269696113711173770893849,-971.7082776000776674968121103051396518088,929.9114829866740373789180157150111279625,-846.1739153279367476030971598824584903617,714.138646767019176442453068602480751686,-530.3870672687860187207131949881759796254,212.4993328339080383404473842591308137141,
43559688.02898333707951390116413100927978,61892493.92460525307380378043908806797429,33055323.58659592992805368347298068100289,1086861.303306613277005184041342320460994,-7084532.589610139692035037600110376557713,-3154729.598001170474724132980088702051482,-415602.897294217155428711352373574468648,59460.98381875333418819579436343684911892,24650.62084502425900199415638593796956239,1303.063246355548768578002502562484332018,109.9176229386814293744032148104289460834,-643.3893702972328705474573583784672868024,593.2317996549844320926456826668332379485,-659.4900451270613470382003118070582401319,713.8595646361492527586010220725903011186,-733.6132241214280349336733409468678847456,695.2958910838217847712933727474318305539,-564.1723110299133628174413618750757700831,235.5598172717948443206928107495447337255,
-52048673.96213980526004068402894673465194,-77225624.45827187019314687246764813314317,-50116248.82970981066806772365824804143026,-14788434.19688204776343804076173784606366,465159.7692021307452577094401653081812469,1799697.878430671764128978985017939137092,589273.2188733879476877015677743655933465,84827.93631613020559867038453467534240852,2197.977676978476162437262927555040774233,-1993.794083750656454548089918196157442931,53.42933668494905273373192889714755635772,-458.0723570903842544232539393071646052825,430.7949014649798334938801640684290418102,-425.2899966713953191278538987660060494897,405.312637875109036692041537657503704609,-364.320577205346231712460948781917583523,304.177372810797377995029940614388941166,-223.7052053379632573042380449882665410505,89.10791982893459529655100217781428486745,
8099958.173042274807244394174467871400662,26273810.88178129013960426929183906863286,36941627.39717135058298014587983174315509,26882380.64717852304786823029837680187432,10720506.51049090291613198472221430024873,2187960.68874700927025294876566720777326,93194.15176202143409966892280987373713811,-62578.95080696439346481330252474884930557,-16010.89902520822264766961351227845898882,-2241.292695635805096829603845933537225196,476.391888804920614005067657911279424908,-475.2187604421093364589913782681186443293,558.1158573187058187123146344140219644972,-580.3861357041245700114698747984105315577,601.5015379172175131505257700884849777356,-596.6395142070206915030762896107549991437,550.2852470735313058138419690079019508295,-439.8793575997579768610563814974730877846,182.6746760130037123612273334420411973917,
288216600.4731167819968748502471757153249,462012247.7427954568821050896107017244376,361505385.7469662893599377091091107208008,171608267.9310074271751920200482762338932,50543684.87186204956009767752976090262465,8538694.994475514923431099352086928129656,413142.070373347584107142051129714443708,-175355.4718942454212550679341471978749812,-58250.95339192848841567236966890791091484,-7284.278189653641411632362006890294089286,-3590.184834799093286832340119135017424779,2504.843128520034374722003542859532834374,-2733.359544313690373073223176203627958985,2822.136466781792731321316955960156242887,-2834.388195140915061992807273008342630328,2734.34550048846263609596035658405682662,-2460.696135797481735632673770131201327401,1933.572218641311338160841196980655262099,-796.9793536521872338489797551062630107831,
141479628.4483734404976530806932174292723,163893425.1101769279093970398661736267655,49661658.38150962505575820361649767391575,-26156325.44995143390147895581059845899657,-28578674.92336568924439051356929138426341,-11777846.34381625616370267954388384353059,-2855599.308971534346938184066252490340091,-444231.6861451962619230859217973444179326,-42127.07292408026826873686068711831761468,-539.2791107084356166807319153586022381701,350.3304854592241505277150260348877712608,438.3550598918568804452880545915593339417,-312.8333806243992414445462122845668745252,416.3134336614169715222372818280530214938,-488.9083652324600470448424409215505930423,554.7917036299124343269838872761300220449,-573.8234352743772709669553411370115689959,499.0224946135276753794191721317341095023,-215.6344129735514674728516469979539350031,
-498102938.8806565405856471961183996792442,-768247870.5860368171593620385418685476354,-577098635.2919050949337116775043077217722,-273073845.9252184828071639629492296864308,-88078143.83841313625071801061330844133533,-20233616.75136564930023046869241703228712,-3414123.670720528663277202020160157032901,-430249.5458412683988352505259400589143129,-38607.20158072749529210857798611581687599,-2317.741272876272891689243116504155495188,704.800454777509507821422358982012337902,-470.3896483682545984630707435606191781164,627.077123587871680616832854210422648446,-663.2120421481393623648529674163348993625,722.3661341175983078115146205142322620192,-752.1494558080298441663996718943540092401,730.1700573200453246699958107864636288101,-609.1095858281544223153852467706700299967,258.6712811018271289091033990250112022427,
-175188273.8196038758983417727578835297082,-221376210.2839497367551285661274290527084,-104126009.4010996103530725079090712318009,-9508717.519443318224660121154268901486044,13005693.11784151640488792884833690798297,7636824.825891760234960590789599408259758,2343820.614419829773681087689697506019045,505213.2475666118343417914467267476301238,81922.29009138088388318050695043041883017,14950.5611489660575891536026237801494342,-1509.438925757942277695609404212697219256,3478.583104987173897012508235428177265628,-3427.094167670268448655165619932559070261,3575.557346507541748552765318656956346952,-3604.419881231886469931525246945934576937,3496.247331004249772207664832948797521323,-3168.928749003764782131820476544983818597,2507.399445355417469764378867313383210133,-1037.613965246460305141484086755412409301};
